5 0.7098187866528178 0.6087361121270475 0.5502388402283032 0.608688884967324 0.5503836176775394 0.13532777414220168 0.7099548609375006 0.1353749999999999
5 0.18688678147486826 0.0895493717977886 0.3005330156686341 0.08719113663364021 0.3071099890624964 0.40413888906250006 0.1934637555742711 0.4064970962701342
15 0.6550962747593303 0.4840416108068112 0.550461572933159 0.4900744041507576 0.5423654406799869 0.34964385032920964 0.6469982765624991 0.34361111093750213
14 0.6531790677285016 0.4890038627087897 0.6516331937500581 0.6026805562499684 0.5527515430193262 0.6013350924949881 0.5542983354022226 0.4876593236607401
16 0.46932630188155144 0.6525467897979096 0.4683727541780627 0.6200724243758609 0.5851707844694829 0.6166428716976609 0.5861246880408544 0.6491168679194007
16 0.46055535071434406 0.5583051268892157 0.4625341282762747 0.5809564010136499 0.27313954546423247 0.5974981186863376 0.27116117500133896 0.5748472218749958
12 0.5560851499999444 0.5070416671875 0.5948206602743085 0.5065909850757657 0.5962065406249621 0.6256944437500003 0.5574710304314294 0.6261451212308965
12 0.33465531249999003 0.48283333281249957 0.3919531182468745 0.482166672406928 0.3930596656249463 0.5772638890625004 0.3357618599674197 0.5779305443494498
11 0.0009374015625098764 0.0009861109374998602 0.20135415192714845 -0.003444907367393264 0.20903649619606313 0.3440281103967784 0.00861974802523946 0.34845908460788716
18 0.008245328124985463 0.6290277781250122 0.004746656695601814 0.5869108100016747 0.19063135013368537 0.571470009221231 0.19413067169807618 0.6135862455199753
15 0.18543284704082907 0.9420657377619308 0.012255079687406578 0.9736250000000074 -0.03128114531648407 0.7347527216640982 0.14188611093754844 0.703194443749998