5 0.25464820468755534 0.15619095624999782 0.4133375747211403 0.13757096318247627 0.46843314377144907 0.607108110971005 0.3097438733020681 0.6257275886860044
5 0.7997857213871384 0.36514532199351846 0.6864899453124735 0.37602194218750473 0.656236540390637 0.06088035218233431 0.7695298165468785 0.05000385856152156
15 0.34968771093747364 0.4956832375000264 0.3350183942627609 0.3561169457804569 0.4394950365983732 0.3451364634130061 0.45416517974001636 0.4847018126598758
14 0.4503858795982296 0.4875638551381597 0.46508334178906807 0.6001513398785754 0.3669049156250139 0.6129656812500528 0.35220848330561694 0.5003791257714824
16 0.4374447493663638 0.6514226535548343 0.43462770638109305 0.6190983450322555 0.5511826900947199 0.6089413913648254 0.5540000608017408 0.6412653369049537
16 0.74206114699507 0.5411814807413052 0.7427275746492796 0.5638803414785838 0.5524479851256956 0.5694645787287443 0.5517819325469873 0.5467660815642628
12 0.4122510850723984 0.5110619460907142 0.45082592279572964 0.5070030249908143 0.46327457478378165 0.6253004710213619 0.4246997436135871 0.6293593503381488
12 0.611172066058657 0.46328538351284854 0.6682320849733969 0.45728128686447705 0.6781709987465092 0.5517288688041555 0.6211109867446112 0.5577329213760996
11 0.9768794133674419 0.28610478207374607 0.7770477783062688 0.30501494581922833 0.7491326114273988 0.01000898377857942 0.9489608955977928 -0.008900998686937254
18 0.8231672531250069 0.5706643156249942 0.8217531781865546 0.5284816878097375 0.9998231156897646 0.5225116385646703 1.0012377952886027 0.5646936502041419
15 0.8855289668126716 0.6534888479235023 1.0150353655890285 0.6618182490750301 1 0.8955497406249988 0.8704936219924093 0.8872205693030303