5 0.6961275983388759 0.621963048407606 0.5372518037288501 0.6070843847738532 0.5814001611664708 0.1357442403621723 0.7402671671874259 0.15062248437499778
5 0.2231908640032998 0.06233703042995674 0.3365859566797553 0.0705534684681615 0.3137672953124593 0.38547000468749776 0.2003722128794152 0.3772536546484035
15 0.6531781533549292 0.4933457308796723 0.5483708629139983 0.4896280309928858 0.5533556764042942 0.34913482596967793 0.6581610734375545 0.35285249218750125
14 0.6494904354585742 0.49800545743577174 0.638698195312486 0.6111992968749844 0.5404482732906217 0.6018318500641151 0.5512413458825449 0.48863893825138316
16 0.4525702681100938 0.646032461035828 0.4542620576075933 0.6135987161334121 0.5708696690644501 0.6196799879120604 0.5691782627485509 0.6521133654804274
16 0.45224117820930587 0.551466929368451 0.4523682010037646 0.5741815529903053 0.26219504131643134 0.575243145336307 0.26206839062501786 0.5525288906249636
12 0.5523555709406764 0.5081925890192515 0.590968657703911 0.5113442212326181 0.5813151255034654 0.6296059838728723 0.54270204269244 0.6264543840631739
12 0.3339064548118813 0.4660714782313855 0.39102308954977616 0.47073347525982984 0.383340231820398 0.5648529711876121 0.32622360129823846 0.5601910087232803
11 0.043657712699086915 -0.006801955626539554 0.24365997494044223 0.0074171317290585535 0.22157549754524553 0.3180503916303865 0.021573231117372416 0.30383141159697136
18 0.0032388060122912066 0.5850773170709216 0.0031820193238445427 0.5428554739126277 0.18163346068706687 0.5426146811654489 0.18169089405751038 0.5848358651248642
15 0.14201046373977988 0.9058180971381949 0.005339682812405044 0.9178134484375046 -0.015374182996083618 0.6818084677020674 0.12128884218748226 0.6698134578125032