16 0.006280301934566523 0.9477939593896024 -0.1410226205006211 0.8108206455569072 0.20291144596762933 0.44101974102106645 0.3502050713193512 0.5779851236967907
10 0.4164838393469381 0.2769115262617301 0.36183575710197147 0.27062554420990953 0.37011132187501516 0.19868346093749628 0.4247591285998169 0.20496942728363254
12 0.03619766074780273 0.5825576069803905 0.023312250942467472 0.6926338919924004 -0.012885744506661467 0.6883968890785304 0 0.5783209937499705
14 0.7243250750000243 0.3762297453124675 0.7417402152836985 0.17340805090313044 0.9839510640624667 0.1942047812500485 0.9665382342371913 0.39702430345572254
18 0.4135148828124784 0.5988086296874648 0.42143578971445095 0.516926886145271 0.7014888666170691 0.5440133038788413 0.6935701336138891 0.6258930296775937
23 0.7576285936363547 1.0013350987629939 0.6009853406110324 0.9545349649755471 0.6988037821781745 0.6272305177770596 0.8554337140625421 0.6740284453124985
5 0.45397122656254396 0.23534250781246946 0.468076320988871 0.027971861173722117 0.791289900000038 0.04995607499997452 0.7771863690109058 0.2573252031306228
11 0.7388418726632153 0.2635428931696744 0.7298470658628275 0.3556312037364928 0.4669365661484335 0.3299495889638499 0.4759323418722943 0.23786230732905228
5 0.07172695783356176 0.9514413113083562 0.09390876123131875 0.5832913636733714 0.6918276352803332 0.6193097292823773 0.6696744113071418 0.9874310173127462
11 0.7374252289777132 0.25673453659700973 0.7301698817835813 0.34607299921375034 0.4658353014443719 0.32460448781032414 0.4730916042077524 0.23526710685150024
18 0.679136125633022 0.5489566335580708 0.6727033531250299 0.6039208265625279 0.44041938701275285 0.5767349991356475 0.4468531117083785 0.5217718982344803
16 0 0.9178764375000095 -0.12138377608437168 0.7992614750233731 0.20341656023333599 0.466934069454404 0.32479450004143473 0.585543420163476
14 0.746885711104369 0.34386836204873983 0.7575600757446637 0.20641488846327066 0.9524055624999619 0.22154589843750486 0.9417324612293214 0.35899813056874247
5 1.0012633467766818 0.07451163505956548 0.9959287810821706 0.26258405244962124 0.4499627664678201 0.24709357722365943 0.455299738085273 0.059024155304361996