15 0.6575340676505448 0.6493523771516818 0.7046050164757389 0.7380432557727278 0.5532354437500544 0.818364342187545 0.5061664724922821 0.7296751582138116
16 0.9712668365879153 0.5681038898621947 0.9707894728262545 0.5911717076268393 0.780312556648596 0.5872286940323894 0.7807902984426391 0.5641612651005175
11 0.4140130140625615 0.4696372812499524 0.41274928099949193 0.44948074518875725 0.5815249143962546 0.4388988372336568 0.5827888677205237 0.4590551419959978
18 0.6338172518719603 0.551631786591252 0.650551782761454 0.6049026780712354 0.438461806699479 0.6715183546908128 0.4217285687502681 0.6182485625000451
16 0.9913831933704387 0.5632305391159673 0.9901499429490741 0.6003829773569037 0.7489675040925476 0.5923750894982934 0.7502015149901808 0.5552234458726546
15 0.669851205214627 0.6453375789446011 0.7171632828959673 0.7363837569930479 0.5610041140624844 0.8175161062499591 0.5136941110667976 0.7264717024702999
12 0.8666465580791964 0.5050232396189204 0.9044370512368687 0.501935560611641 0.9090085308423568 0.5578818038421814 0.8712180393976041 0.5609694688197527
18 0.6638072089184561 0.5401384489953766 0.6843006457122556 0.6066785528235207 0.42861285189621867 0.6854139197658552 0.4081213546874096 0.618875462500043
11 0.3970449531249187 0.46961112187503157 0.395983723694485 0.45224304313327574 0.5848534511999333 0.4407020257294119 0.5859148939471197 0.45806988303821283
5 1.0185831691331941 0.6185161482172999 0.9950881093750468 0.8384643343750543 0.6878851735441458 0.8056448900543701 0.71138666249999 0.5857039390624584
5 0.25614609598028437 0.47681098031384844 0.2458441796875377 0.2364380640624801 0.6753706518792342 0.21802832196831007 0.6856780002030973 0.4583953473273968