5 0.4678681343750668 0.7235254078125521 0.4112992823082777 0.5419316475919639 0.7506390389778517 0.4362318804505563 0.8072109756551527 0.6178197838036732
16 0.5460150700112081 0.5012813080230691 0.5454332820859236 0.47196816427610955 0.750090671455041 0.4679055656759556 0.7506728935732099 0.49721825170586453
13 0.4994295024157509 0.35786803722834104 0.4957428410547209 0.40219572160072825 0.32720463418013424 0.38817824182112126 0.3308916812500229 0.34385098125000974
18 0.5075670040328077 0.4654599859063309 0.5292407679338567 0.5185825434168547 0.31899587917973804 0.6043520445931359 0.2973232734374278 0.5512304671874675
23 0.2728639827793131 0.6115764305517849 0.45339245924253646 0.5692987451756945 0.5305248671990057 0.8986089962122558 0.34999695437920764 0.9408850305692614
5 0.47937873736157144 0.29273154501723075 0.7220211968750618 0.2664769968749954 0.7332741027222482 0.37047255304147625 0.4906316675275093 0.3967269621725924
11 0.33014892031246745 0.34088242812499786 0.49185043578302157 0.3229109240648828 0.49865051687254436 0.3840934836142183 0.3369490092322849 0.40206492640550745
13 -0.00684855386396066 0.24354674210061675 0.3133330922512414 0.22575657623772272 0.3561511681002685 0.9963111762783939 0.035969689922467296 1.014100023730971
5 0.7333727160486205 0.26583484373664584 0.6928365975403494 0.502718814047781 0.1314813173140692 0.4066490986474749 0.17202296718744492 0.1697707624999533
13 -0.007062519867872652 0.25549043951453554 0.30094542935364643 0.23873331287241972 0.34218115639373536 0.9966060127794787 0.034173324922107895 1.0133619405307432
12 0.5887458387137485 0.4184590002353261 0.6337281752018953 0.4158392457712507 0.6374258525639789 0.47932624378116157 0.5924435170690003 0.48194598685439366
16 0.525427090625044 0.49937903281249074 0.5254455205379145 0.4712507649361579 0.7624675757430168 0.4714041659316832 0.7624496396014138 0.4995319424513399
18 0.5122828392986776 0.4621283743089849 0.5361956643091617 0.525125760444935 0.28853441167200344 0.6191228305514744 0.2646232015624719 0.5561268093749714