15 0.6007099208387672 0.594001252919331 0.6528378375594457 0.5662308306219339 0.7444299868398048 0.7381372130476175 0.692302457077858 0.7659070854372655
16 0.30756272812504903 0.5315333328124809 0.307914848399264 0.5099332943700843 0.43628325543784285 0.5120251667211593 0.4359313590406373 0.5336249861721681
13 0.00744285937503264 0.14958999999999967 0.2969805071651308 0.14672437105666877 0.30537597674504013 0.9949136119592554 0.015838330367387243 0.9977790164731002
15 0.23439247885505665 0.5773699988209602 0.2801084301005403 0.6843826084879744 0.08665830156246557 0.767010000000006 0.04094503679505124 0.6599996563976755
5 1.0091670100165402 0.9334120896399748 0.8654609690577217 1.0716107433595063 0.5675338062812898 0.7618703479655243 0.71123050624999 0.6236799999999614
15 0.6115545507332172 0.5924294285614319 0.6551542835924238 0.5723890455435959 0.7374371409549667 0.7513804084107409 0.6938376637015153 0.7714203872665147
5 0.294276628124976 0.9213666671874863 0.184842558471928 0.8660603318611327 0.38798960647216063 0.4641751144273007 0.49741539649380684 0.5194789536236398
5 0.17487113593756476 0.1363599999999901 0.3153942005576482 0.11003392599518318 0.3760210476091288 0.43364088391065286 0.2354980859298621 0.4599665665010629
11 0.6812131626946893 0.43711864034828557 0.6779346750000741 0.4152999999999628 0.8378037277697103 0.3912784193247358 0.8410823978431381 0.41309683999723185
18 0.8521539215281564 0.5365453814259376 0.851136751163267 0.601580787950111 0.6415423464643482 0.598300867681688 0.6425606749999133 0.5332666671874736
15 0.9851231088497343 0.9158534248551976 0.8375768084476931 0.9124310972890342 0.8551746420341715 0.1542545025188482 1.002705282821239 0.15767666818071316
12 0.32415285937509 0.4730099999999994 0.36727146818407164 0.4725083098028764 0.36792000000002645 0.5282433328125002 0.3248013912282204 0.5287450208773541