5 0.34037305152446606 0.32374786995916366 0.2951928515808504 0.016715784298407983 0.9542809589921717 -0.080271448486879 0.9994636920872608 0.22675611740534157
12 0.05572162343753462 0.6089490093749451 0.05088998007147438 0.5398182464352038 0.15671343906251423 0.5324226468749891 0.1615456706688292 0.601552772395053
16 0.00996856250003475 0.6966447859375223 -0.005530019591788005 0.6237574093919256 0.46908352824675603 0.5228421736814168 0.48458438044212926 0.5957259709713739
5 0.4593789372123638 0.9611680727785037 0.04196709703558099 1.044641973297252 -0.02283833241051525 0.7205800204361364 0.39453840156249953 0.637109796874999
5 0.32912394888205654 0.2950514697958011 0.2868208872574769 0.019571378465337238 0.9535400846829134 -0.08281368147709439 0.995845381540903 0.19266388637754775
11 0.9786179605574716 0.19281347816058583 0.9877943287267499 0.24661463687278012 0.5684446460466006 0.3181348360598134 0.5592692984374708 0.2643346296874618
18 0.5112048417678352 0.6280298060995172 0.5567838920629811 0.46878976113784354 1.0411086807641823 0.6073965038098104 0.9955385163823394 0.7666289142359002
16 0.009829290625020803 0.6944723578124946 -0.004867970790655818 0.6335999376608833 0.4174096721302476 0.5316505608304516 0.4321085230326389 0.5925203072910591
10 0 0.1662107640625297 -0.0007925839864810769 0.06371600411385561 0.10269155059052082 0.062915781263406 0.10348431854890805 0.16541035100465795
23 0.7139660032840993 0.9848792687262276 0.45748484705063674 1.0054502309713171 0.42782932031252585 0.6356439390625008 0.6842856742288177 0.6150740145856333
18 0.4608785203123489 0.6124907578124977 0.51739566874096 0.4326523202805494 1.0519575991777401 0.6006217566835321 0.9954513336268747 0.780450979855438