16 0.034200621015770594 1.0162186099992228 -0.12980841334933757 0.8922786081722559 0.19182864578363024 0.46675415837045653 0.35582375461456195 0.5906862007416365
10 0.39212868430843173 0.2845107549716497 0.3370716962002689 0.2836426692672344 0.3382091465780377 0.211513832706767 0.3932658430188667 0.2123819161548763
12 -0.0006451307277757223 0.7403151521081048 2.6394673113827594e-9 0.6296169658218749 0.04342802187500183 0.6298701781249668 0.04278339307199985 0.7405678625482568
14 0.7086427234374924 0.3491375734375448 0.7035675904339769 0.14594312276793298 0.9493359734375417 0.13980459062502057 0.9544129220919331 0.3429971473235458
18 0.42095880468752966 0.6043738875000221 0.41979016068842157 0.5222328919228142 0.7014855484623013 0.5182232214617912 0.7026561429159983 0.6003622252001132
23 0.6455366803243123 0.9367589992336621 0.7079126789417387 0.6004702089427841 0.868676304687483 0.6302868999999878 0.806307908419285 0.966568821870102
5 0.4253727765625399 0.23911087656245217 0.41652552374114293 0.031809188741093314 0.7431402828125329 0.0178695937499657 0.7519888077106316 0.2251698899265379
11 0.7118458774791634 0.23567778318442106 0.7130736412013903 0.32806838787228376 0.44832878276940846 0.33158423517975555 0.4471020730077271 0.23919461935696681
5 0.11526713922773979 0.9921269156951571 0.09672687465854324 0.6244480584599965 0.6999549382182977 0.5940336659725848 0.7185210426297317 0.9616833025002315
11 0.7097043800165466 0.22907955790704101 0.7123506372487327 0.3185318463899894 0.44660729569113755 0.3263912132810812 0.44396207943282207 0.2369399606552212
18 0.6800167833798696 0.5255790726511691 0.6796964171875288 0.580853451562534 0.44558431628797734 0.5794937162520593 0.44590576522602987 0.5242204182714988
16 0.013280091580099906 1.000930543123165 -0.12233490383482604 0.8931254864431256 0.19565216960893395 0.4931965322349378 0.331256438237574 0.6009948855090502
14 0.7279419164217416 0.3145240357793973 0.7233870332423749 0.17695520665782288 0.9206067937500393 0.17042540312502188 0.9251626608172501 0.3079931384452958
5 0.9602493096037961 0.018630539323939894 0.975636616157999 0.20573526205576617 0.42272130519256734 0.25120225657150064 0.40733628806628985 0.0640996845177269