15 0.3121529750000036 0.769590745312514 0.25959008002757855 0.7417248431222534 0.35033826253845746 0.5705751372579141 0.40289947797464265 0.5984404958975558
16 0.5668049741615278 0.5402613358538497 0.5667046918567848 0.5186524511925289 0.6954293495409729 0.518054618219945 0.6955298549954705 0.5396632771507506
13 0.9900260327741535 1.0010761423598782 0.7004254112040371 0.9998945535118182 0.7038773766465738 0.1599782259552014 0.9934274890624692 0.16115970156250015
15 0.9641787517044804 0.6718046432672741 0.9178043328124659 0.7777415437499939 0.722590257447564 0.6922947237489352 0.7689653843749511 0.5863601406250227
5 0.29238878648300215 0.6271154821920184 0.4370077429501862 0.7668786562919228 0.14084045363540554 1.0732573192127914 -0.0037713057300834407 0.9335017285695749
15 0.3106497874999832 0.7750869593750033 0.2667039979880883 0.7550382525688393 0.3480453434682431 0.5767704441248593 0.39198963313026525 0.5968187551923574
5 0.505776433584515 0.5257157610163241 0.6143199271861022 0.47056246732847073 0.8196223742837674 0.8745543102557443 0.7110808192153399 0.9297049145422452
5 0.7675732410850742 0.46675685332488664 0.626476313893022 0.44109145892159674 0.6848298120171421 0.12031476009425636 0.8259222374999808 0.14597970624999623
11 0.324481788791104 0.41910283577832336 0.32096744101625063 0.44082760296781914 0.16132100017796347 0.4150024967148772 0.16483552717897965 0.39327794981345626
18 0.3605419809933892 0.5374960589441338 0.3608052662942782 0.6025562209233092 0.15174932026036458 0.6033992845439196 0.15148722078015453 0.5383402746571495
15 -0.0018019143285528116 0.15720646395999427 0.1456441363201293 0.15293060393610997 0.16765455290703812 0.9118749108960292 0.020208526556984907 0.9161505204151861
12 0.6354747736346553 0.4804364390545574 0.6786006785449672 0.48068731746743537 0.6782778825872811 0.5361715703202791 0.6351519776862915 0.5359206929851045