18 0.5514006453124694 0.4565223140625028 0.594931999902542 0.42654384592442507 0.6492141770878561 0.5053610591338723 0.6056829966714758 0.5353393156250493
11 0.5593772496972633 0.30936909752088093 0.5658952332365743 0.22369787308059877 0.6759148046875225 0.2320682062500361 0.6693972464648823 0.31773901267028387
12 0.40636173606981174 0.38828474442057603 0.4288718750000271 0.39025301562500225 0.42371582077237235 0.44921719033648033 0.40120568281247415 0.44724892656249604
13 1.0279548449907452 0.4259937233996243 0.94786641460189 1.0503119561607208 0.5316618953124816 0.9969068812500281 0.6117736893748997 0.37261596823893195
11 0.6724722512431072 0.23761002410377058 0.6902522212977829 0.3079314284910671 0.5783392317954394 0.336226181718903 0.560559669943359 0.26590512722276316
13 0.9465847922131161 1.0334212261891995 0.5419917609375489 0.9968467843750021 0.5989781048726854 0.36682007055658117 1.0035206204765927 0.40339232942523623
5 0.3426720540169299 0.28022415974083253 0.36289734687500186 0.09859317812499008 0.5886028100143221 0.12372597304376033 0.568378922148554 0.3053556598613356
5 0.5599745625 0.0171601203125 1 0.0171601203125 1 0.30059489375 0.5599745625 0.30059489375
5 0.34390137214472816 0.4714307382418486 0.5889823591473942 0.4794444139546619 0.5799407427502956 0.7559349316065327 0.3348597684617971 0.7479214596133572
16 0.36934068749997095 0.4608866703124994 0.36994735992504957 0.43755656483589817 0.4529333081401319 0.4397142134201938 0.4523267718785746 0.4630441861892872
18 0.5419559325297314 0.4769148332393546 0.5885645849024286 0.4360755395887654 0.6476262216953046 0.5034762061700258 0.60101783166931 0.5443152233577151