5 1.0554196460606136 0.8799544190601908 0.9078122877881469 1.1047612555419977 0.43536517259201446 0.7946022395426 0.5829681281250032 0.5698128999999992
5 0.45421896633558845 0.40823938144623334 0.3513519898077675 0.11857061206611798 0.9338799312577066 -0.08829620153985204 1.0367487566056752 0.20136698978392553
5 0.5729663865148495 0.5741164084307046 0.6142118354916875 0.7973054977854445 0.27269282812494566 0.8603970593750111 0.23145692220134606 0.6372163125736681
11 0.5954987793689952 0.37838260332984436 0.5680283026430288 0.2765553026773447 0.8029410074290126 0.21318277334152638 0.8304121675561191 0.3150089182146706
16 0.21580756093749187 0.6025098687500519 0.21333405668531213 0.5777428258550276 0.454725240476364 0.5536349008572713 0.45719921379532025 0.578401418358907
18 0.8040003916979686 0.5885276904586978 0.7756613516417019 0.6599958249514577 0.5712141484592621 0.5789328011947391 0.5995537336805228 0.5074660279056726
11 0.575357553125059 0.345236290625027 0.5633089585555808 0.2443517905681177 0.8048755494993429 0.21550209851625138 0.8169250395785639 0.3163853982472332
5 0.42084122812502756 0.10209835625000119 0.5878972094726578 0.0927130495044279 0.6040223606966038 0.37973238294404427 0.4369663785979583 0.3891175881797231
18 0.8272806043182754 0.6001757343174702 0.797417409868558 0.6843640374139439 0.5355662892898181 0.5914862623939788 0.5654304881873031 0.5073000221883822
16 0.1995737640625066 0.6198383390624927 0.193773967377183 0.5779664580395834 0.4537489478883572 0.5419574205268994 0.4595495578291775 0.5838283449512067
12 0.3527309809575172 0.4743586748705633 0.38402870176867054 0.4721703083010491 0.38960089185366087 0.5518568744540996 0.3583031724714374 0.5540452273618149