5 0.8579415762728786 0.9610491436942924 0.721157719028497 1.035334656323087 0.500197842312673 0.628548305701392 0.6369689133902057 0.5542671172312524
5 0.5688445262553614 0.8510391184765896 0.44042396396685035 0.8643815169745933 0.4117273553972609 0.5881910360518057 0.5401403945223819 0.5748490238036067
5 0.25850151557801837 1.0100229481921883 0.11122926855477999 0.9325602033406226 0.2924606849899192 0.5880931468337588 0.43972132752548987 0.6655521292021493
16 0.6868555871338913 0.6440759820414443 0.6806943465687709 0.5735751930445367 0.8242931959106272 0.5610267307965068 0.8304552762047024 0.6315265761605489
18 0.9907878208828151 0.6999237349461529 1.0120033100992032 0.9562688725946686 0.781004030134568 0.9753757382723214 0.7597966125000539 0.7190381953125361
5 0.9827379143796406 0.3239134110031108 0.6744010557596312 0.34730139738091415 0.6483402351620953 0.0037133384802382563 0.9566730700993276 -0.019674524057736138
23 0.6365858690168125 0.19520526761049756 0.7771624403410442 0.1876438764573235 0.7896648750407849 0.42007573500664613 0.6490883138897061 0.42763704403036135
13 0.23972301620631242 0.9999942421600875 0.07591159603521191 1.0414067784504983 -0.08375984139399861 0.4098891904647632 0.08003004380248058 0.36847948553981846
14 0.31465381216071364 0.51541930106495 0.37074005023964673 0.6189945276455063 0.22962402185407882 0.6953987080043698 0.1735395582898036 0.5918250066259494
5 0.274451376352431 0.4375246299075655 0.013251912434043334 0.47625442775731164 -0.04610299046146338 0.07593544796751124 0.21508658705488415 0.03720647942858073
12 0.7432452109375163 0.5902278812500336 0.7366255621491291 0.5144859380508716 0.8197739906249808 0.5072196046874743 0.8263941155743169 0.5829610195454207
10 0.5230588491516528 0.2011074069668584 0.5839765304166349 0.1964867369924001 0.5913176602907697 0.2932686175801999 0.5303999809405013 0.29788927066974447