5 0.33475623123717924 0.3280464175259717 0.27023532940665973 0.02495588622443487 0.9194379976778464 -0.11324530667785213 0.9839605637623663 0.18984079482005886
12 0.06557034843751808 0.6311030390624813 0.0563479505634632 0.562494642113477 0.16197407031245348 0.5482975921874664 0.1711970190521015 0.6169053324097076
16 0.0249791328125184 0.7215187828124905 0.0049264155750279315 0.6498884276535045 0.4730220335627564 0.5188560300783266 0.49307661774128064 0.5904827834786419
5 0.4883281709115863 0.9535219473470345 0.07812988962848522 1.0609140220918312 -0.004604402688300979 0.7449155871332668 0.40556022187490726 0.6375282171875142
5 0.3216834815608536 0.30016448459395717 0.2620404473785811 0.028340562586104023 0.9183316157410673 -0.11566400456127965 0.9779762684585194 0.15615754558054687
11 0.9630055104682924 0.15692206393226682 0.9755609765891222 0.20994662698352043 0.5609445659363246 0.30811781497165247 0.5483900453125443 0.2550941046874861
18 0.521396433761538 0.6222788393063328 0.55577981152544 0.460918212258047 1.0343742750567344 0.562882702915021 0.9999991162409287 0.7242361607419339
16 0.024713732812529088 0.7193603671875373 0.006228033551565204 0.6596543646961652 0.42199928679815457 0.530937491065601 0.4404862599748185 0.5906408034137419
10 0 0.19183381249994388 -0.00728311851514718 0.09040056070875603 0.0801943773280982 0.08411954439535817 0.08747766792976108 0.18555260664040873
23 0.7447716974384093 0.9640505786177129 0.48964458916793774 0.9995825144251632 0.43872028437499466 0.633936650000003 0.6938233826811029 0.5984064759284615
18 0.47037792968751546 0.6087242187500511 0.5152194551249067 0.42600485620929474 1.04482519124781 0.5559557853619499 0.9999938567408435 0.7386664648039601