18 0.5418375093750001 0.44901760000000074 0.5803410607154547 0.41257019311478565 0.6459364932940161 0.4818617832286584 0.6074331837889986 0.5183089419133722
11 0.5276291709948282 0.3025562022811406 0.5206772289611763 0.21703810492487668 0.6312185718750243 0.20805220781245878 0.6381708530237802 0.2935699057814631
12 0.3880341151907487 0.4042408400934216 0.410612346590824 0.40279286932867564 0.4144041540437229 0.46191532331169155 0.3918259231866159 0.4633632884179292
13 0.9942086463461237 0.9916409085549752 0.6036738093750955 0.9893691203125 0.6074642780732802 0.3429583319431619 0.9979542156547723 0.3452300019886424
11 0.6286355074186076 0.21406439411332384 0.6570212265233977 0.2805907613048016 0.5505049824122352 0.3260380945621821 0.5221196330167004 0.2595120388631348
13 0.9942196325882833 0.9908018312056255 0.6111667056005672 0.9885736249147358 0.6149753011034136 0.3376835148352975 0.997978271629222 0.3399115767863903
5 0.30981970951279436 0.30765389604551546 0.3013824640624989 0.1253103312500396 0.5278443977321103 0.11483163968315503 0.5362829241176996 0.2971738541848928
5 0.9761289805234128 -6.03365460304851e-7 0.9761307411760072 0.27644137600069946 0.5240648334068965 0.27644043680619274 0.5240658159690383 6.117801534393418e-7
5 0.33864663006431783 0.49516614613835586 0.5825161406187362 0.4660762580366179 0.615219810452686 0.7402143672401029 0.37135042765169146 0.7693035129751986
16 0.3623513640625333 0.4818056671874626 0.3593100309047941 0.45870572629993067 0.44174769959010973 0.4478525328806686 0.44478914738363073 0.47095233796361224
18 0.53561980747304 0.4706637032612332 0.5754490716661849 0.42296032690665425 0.6440075651403276 0.48019859873978893 0.6041786354186343 0.5279016623358191