5 0.8849903966720376 0.9427369435055604 0.7520301600728772 1.0229655129432553 0.5121178391381136 0.625436272879456 0.6450663329084136 0.5452123226621101
5 0.5909507391573925 0.8446389016776361 0.4633411278286985 0.8639320982880261 0.42171865554053056 0.5886559096022859 0.5493208718468168 0.5693632707224602
5 0.2909522824730857 1.0101825727933478 0.13995573762383628 0.9392616477077784 0.3024148496458565 0.5934662000878189 0.453399209083841 0.6643837325302371
16 0.6988750101971846 0.6331868162640811 0.6898457954691821 0.5629750496743257 0.8331581878783254 0.544546678866938 0.8421881716820963 0.6147575240747242
18 0.9993794803172023 0.6773108754008892 1.0310222436854701 0.9326463796114068 0.8072792606101302 0.9603617677923793 0.7756443437500593 0.7050334281250527
5 0.9798646604668875 0.29971015382676003 0.6730243390651367 0.33741209366800334 0.6322445284297373 0.005516105138435651 0.939081324190056 -0.032185658156182156
23 0.6281669168673716 0.18720217311622855 0.7682236738321535 0.17310791903124614 0.7915016939562065 0.40442026295704964 0.6514449657570367 0.41851436977878226
13 0.26643087352078965 0.9984429111996539 0.10490684537342077 1.04733312273048 -0.0817110784828401 0.4308661461476941 0.07979253240159778 0.38197917478176147
14 0.32137905811907785 0.5197518587985192 0.38189120424794964 0.6211247136135424 0.24463390003882068 0.703046008041972 0.18412348061201556 0.6016746554571736
5 0.27730433124804676 0.4426621090135346 0.017519568555258047 0.4936188216589951 -0.058643068247988595 0.10531777400001441 0.2011317399296786 0.05436216572287819
12 0.7531096796875545 0.5770626296875253 0.7434089107727004 0.5016311995928291 0.8257295937499975 0.49104532187500094 0.8354307939257524 0.5664762427249603
10 0.5149957329456356 0.1977608833941762 0.5756178713776308 0.19031224879710068 0.5874141610858032 0.286317084338963 0.5267920275064171 0.2937656923755856