5 0.370576105022451 0.20999337785627656 0.3780012771060228 -0.0008980264134424143 0.9434405680470945 0.019008743124463014 0.9360173022206482 0.22989837808341496
11 0.9152607165361815 0.10856500199120059 0.9141435324196436 0.21701281899710304 0.5604658767581441 0.21336752197894787 0.5615840181930025 0.10492076827528088
18 0.5352156203124423 0.5805716593749991 0.5488328286069191 0.4960681205287457 0.8583737447139583 0.5459413157259997 0.8447590776124798 0.6304425972323641
5 0.8097241518541978 1.0160828732422678 0.4631721278548184 0.9750397435984017 0.5059065718750162 0.6144353828125027 0.8524262810859682 0.655476523587225
13 0.3305026339929782 0.9937277457276908 -0.021644301426817947 0.9783096297100674 0.021577431495757082 -0.008178537837548306 0.3736651771482684 0.007238179027011268
11 0.5526312639350408 0.1984924316814394 0.559594358233312 0.08385389945529984 0.9278121968750384 0.10621818906254983 0.9208501474145123 0.2208557152245982
8 0.3512160455459252 0.34103391999902694 0.4496524314007502 0.34359548521967015 0.4391173841491991 0.7484078962606575 0.3406810015625297 0.7458464156250006
18 0.4923233499999924 0.5850687578124848 0.5086141837963396 0.48944158314597364 0.885857967682 0.5536978125421227 0.8695707170039668 0.649321804266909
23 0.4771177819387731 0.999860133639049 0.3368018019872352 0.9969770196433151 0.3439677255693141 0.6486632895047127 0.4842708555268018 0.6515462674585654
13 0.3387348566069477 0.9942068651434025 -0.013267858242102193 0.9856824798422755 0.010715697770024235 -0.003874206766336912 0.3626752366143364 0.004649731522211585
5 0.38392851251103366 -0.0015931881179587853 0.564103341175155 0.005058902046920782 0.5548581013471221 0.2554695381595014 0.37468327656256406 0.24881747812500077