18 0.5711738328125193 0.6050656062500038 0.6972878316759079 0.46304369576884913 1.0151759554928503 0.7452878337233648 0.8890682274933397 0.8873035625055474
5 0.5736447171875625 0.2995395421875224 0.49346164014946226 0.15386965507297715 0.8932201979772572 -0.06617508607220525 0.9734034789078123 0.07949367190399478
11 0.9999981418008019 0.06471320676020208 1.0818669345226226 0.20478107262359865 0.7047155865211607 0.42521656872098323 0.6228491533823899 0.28515070337066767
23 0.22599308442966048 0.6528036079459107 0.4557913578124726 0.6408793687500021 0.47325158888827445 0.9773025456148962 0.24345337441684478 0.9892262782605137
14 0.6613750676162908 0.4201771979910083 0.571544280045714 0.41486894422700676 0.5825598502196954 0.22847576541692233 0.672388923437552 0.23378396718750025
10 0.31237545320368554 0.18907437808922456 0.3728773611687757 0.18978491205363124 0.3717476156250541 0.2859811500000007 0.3112457076982764 0.2852706185070848
12 0.4390206024214649 0.51859740547622 0.4992180201437577 0.5217519222608601 0.49619456903087666 0.5794430459003693 0.4359971525045694 0.5762885443549515
16 0.3339716000000408 0.6368249265624709 0.3245836708448451 0.5669101886960299 0.6075674416351831 0.5289135143621825 0.6169568555937985 0.5988264488113009
16 0.345425210937492 0.6328522500000301 0.3364605138352772 0.570878806149438 0.5821798318055471 0.5353363991052711 0.5911456547097487 0.5973084559105831
18 0.9777047838057342 0.7455342659810863 0.9116429986378307 0.8546737974908755 0.5723651878839746 0.6493326236670671 0.6384268481384652 0.540197457971513
11 0.9958754966046399 0.05901367826571554 1.0897704719724288 0.2167668689155088 0.7150478669905169 0.43979460346167304 0.621155625817778 0.2820437720936963
14 0.5730786188355523 0.28647429289662857 0.6611172446794171 0.2831799848150884 0.665343609645106 0.3961236992279403 0.5773049848884284 0.3994179880654563
5 0.5813506047810506 0.3081382792996491 0.4996527543250977 0.17404935934695973 0.9295510945972865 -0.08787962412256164 1.0112489687951438 0.04620811518470135