23 0.3174329732203205 0.48321454241386796 0.4117066823010873 0.4891449556019931 0.38559186692225467 0.9042280423646598 0.2913181781362937 0.8982978933807807
16 0.5450970484374693 0.411211662500013 0.5488165616142169 0.3871104570822936 0.7623555623927132 0.4200627462485944 0.7586364179783232 0.44416362303123574
12 0.6917515588194192 0.366453912391617 0.68817948693993 0.3970149977226108 0.627684198110046 0.38994428123553676 0.6312563625000394 0.35938330312505073
5 0.32495090558927586 0.18776851866238045 0.3495349133493164 -0.011557530703350274 0.7672050790787353 0.03995584194394021 0.7426227128182745 0.2392801563634423
16 0.5352098359398951 0.4137623296875551 0.5402584211699377 0.3777380524462975 0.786050360938134 0.4121809540894961 0.7810023999460327 0.44820467221945937
18 0.3080866723549889 0.4786193996438879 0.3258555610585745 0.368057022766643 0.49522802617116213 0.3952760166175577 0.47746055769880513 0.5058371056841702
11 0.3465491437500532 0.2060892953125167 0.35275256726697535 0.1383784883275461 0.4987088377921509 0.15175021356512933 0.49250570717208575 0.21946074951079497
11 0.496650713504323 0.17998282670338636 0.4801919799614325 0.23968307624529447 0.3303104519656017 0.19836236585820968 0.34676934218748556 0.13866239687495263
13 0.22375687065959937 0.1835969985585063 0.2792535508455103 0.1851224806419051 0.2578054602350903 0.9653349700118199 0.20230878281245168 0.963809592187499
18 0.30990522499996587 0.45405508281248586 0.3273838445218189 0.3675965423317652 0.4709651526196694 0.3966215289952232 0.45348746723402655 0.4830792514257842
5 0.4052982598686867 0.4137472221395417 0.7914954517183332 0.4166138412868277 0.7894066050674837 0.6980057029485086 0.4032094093749947 0.6951391515624998