5 1.055636335640429 0.8953792033437337 0.9023899033526277 1.1154972780976378 0.43390424042013365 0.7893894216841969 0.5871447234375182 0.5692887765625393
5 0.4620040728435697 0.40409359323549304 0.3666720056590975 0.10920642595234567 0.9559284026272508 -0.0812903967695323 1.051262681891103 0.21359104676947416
5 0.5770449333427905 0.5732995959101005 0.6118412885332418 0.7977905940253638 0.2701703859374902 0.8507304984374836 0.23538339266497132 0.6262477908136791
11 0.6038932940321047 0.3783566910391455 0.5793319504997498 0.2756440532937863 0.815905834737805 0.21907380377454058 0.8404679357645364 0.32178526559064335
16 0.21929784218752957 0.5912935234375408 0.2175443939925117 0.5664544984795757 0.4594475250240748 0.5493772276492308 0.4612014562261493 0.5742157327635288
18 0.8077155340290574 0.5944328470988943 0.7774379717800457 0.6649269533996301 0.5750820863087256 0.5780206500299756 0.6053600975237714 0.5075278943058468
11 0.5847617093750159 0.3445820203125388 0.5756431759244833 0.24333577976370888 0.8178320151570233 0.22152388871939838 0.8269515023598615 0.32276891803771685
5 0.4359347140625687 0.09704869218749854 0.6031431752300023 0.09155440639416518 0.6126175542657393 0.37988559367291974 0.44540909065597134 0.3853798203179602
18 0.8307010531808601 0.606745136189958 0.7985282446280735 0.6898927079999438 0.5390492254749688 0.5894976631415927 0.5712229002709819 0.5063521398432137
16 0.2026640999999927 0.6081427937500384 0.19807904506740215 0.5660931672671424 0.45883913095565276 0.5376601372998705 0.46342502889478965 0.5797088163612385
12 0.359175610937541 0.46717700781249805 0.3905094205246087 0.4657180275160551 0.3942345921875585 0.5457157218749987 0.36290078322917907 0.5471746931585234