5 -0.007532341724754588 0.23536193589246204 0.03589264113452373 -0.07197034193832531 0.6961677386036627 0.02132098831121824 0.6527463968043321 0.32865157520700455
12 0.9435024113481632 0.5430436896704118 0.9390719968749863 0.6122083125000018 0.8332090716697849 0.6054270389574407 0.837640082812527 0.5362630578125522
16 0.5101582765624926 0.6014590249999999 0.5252503062482674 0.5284546840206986 1.000416938807689 0.6266648397647335 0.9853286818033666 0.6996659253218974
5 0.6004338367897617 0.6423422933537188 1.0179799247182473 0.7233059848439324 0.9554118689757161 1.0459138709341476 0.5378668722095199 0.9649536410793623
5 -0.004158787919664064 0.20123438493546317 0.03656793816298887 -0.07452564373899427 0.7045559297190493 0.024127603143499973 0.6638324350221865 0.29988488810380165
11 0.43354610896483337 0.2704873924678736 0.42468415948280835 0.3243412501512408 0.004937744437370384 0.2552663457577535 0.013800448437450541 0.2014132874999864
18 0 0.7754487703124874 -0.04651387324827283 0.6164594943057199 0.43720429139091266 0.4749540797980715 0.4837225595545078 0.6339353558243841
16 0.5626124140624142 0.5979519781250175 0.5769698021806562 0.5369730653504676 0.9998102477567272 0.6365117667344584 0.9854557238046482 0.6974882219115868
10 0.888731249999978 0.16890983593754194 0.8889288710967094 0.06613088799147218 0.9996817187500255 0.0663438250000259 0.9994843024321654 0.16912257190767896
23 0.3105695474677077 0.6219969211598348 0.5671384999999418 0.6410704718749984 0.5396268391306194 1.0110735086797207 0.2830579937500488 0.9920008640625015
18 0 0.789287542187492 -0.05744575351923231 0.6100747060333531 0.47651406342254177 0.4389308218942177 0.5339645605470196 0.6181334596995596