5 0.13030204574897652 0.43050999761443454 0.131496051694171 0.07327103732457618 0.7517814125000086 0.07534067187498078 0.7505960201356174 0.4325712864526623
11 0.7302343956944242 0.4367798093213893 0.7290808166615079 0.4526687359814645 0.48173362889474447 0.4347094876277303 0.4828874484358039 0.41882082122830516
15 0.6904197067514133 0.9929148508309561 0.6298992923491369 1.1147464264163356 0.3050989785398315 0.9534367156516033 0.36562050468751295 0.8316116671874815
5 0.43968085331334805 0.7892592921593249 0.334784494319706 1.02335622800953 -0.09397322804409214 0.8312565906483659 0.010927145312507491 0.5971729203124639
16 0.3257610825946813 0.5854153555741877 0.3276177571141261 0.6255166854399633 0.1276918288305069 0.634769514678381 0.12583592987471093 0.594668913321756
5 0.48372961528161795 0.43352647856017745 0.10915078291372993 0.4113625555436744 0.1270610890877606 0.10876619662420631 0.5016298718749113 0.1309298078124981
15 0.674314931552999 0.993405566764412 0.6112152391862082 1.117449644228466 0.2962597777953988 0.9572723018869704 0.3593604156250194 0.8332347015625301
16 0.3656945954943467 0.5716372813475145 0.3709352143991964 0.6460900119153777 0.08162115123684544 0.6664469853713888 0.07638269062499603 0.5919962781249567
18 0.6886842889670106 0.6797517523321454 0.7149876785836113 0.7838090607284031 0.46053779133831085 0.8481125966667394 0.43423810937508733 0.7440585187499599
12 0.33884748540947385 0.5212538791672199 0.3281488499999341 0.6084523484374659 0.20707445658581491 0.5935977631041697 0.21777386406256483 0.5064001968750037
18 0.689430459100663 0.6714486883260326 0.7244088649802052 0.795588092332235 0.4680746631178181 0.8677964945697264 0.4331007843753696 0.7436609812499824