15 0.3401309046874985 0.7800041374999869 0.28539062525874215 0.7564329555702778 0.36193216872834455 0.5787068549954769 0.4166705535701567 0.6022775717425097
16 0.5750419050590381 0.5320091545620145 0.5733058268378954 0.5104514325581329 0.7016131398768266 0.5001189850141159 0.703349416358833 0.5216764871951726
13 1.0000107704133825 0.9818834078125 0.7444951315319486 0.9818834078124997 0.7445174953735432 0.12159855312500006 0.9999908134204816 0.12159855312500006
15 0.9822909660081223 0.633388543523593 0.9441509046874899 0.7423717109375116 0.7421646446367731 0.6716901362585346 0.7803058109375343 0.5627092562500273
5 0.30885120136076694 0.6393748376613183 0.4601810778583513 0.7639683180186944 0.19199719745506627 1.0896188135244327 0.04067326318738651 0.965032165214177
15 0.33908056249993024 0.785600360937489 0.29358716810565966 0.769151466136341 0.360152135819817 0.5850809939536742 0.4056438679613166 0.6015295602419566
5 0.5132155669355143 0.5221580532582492 0.6167401452341892 0.45874145566631047 0.8540953509615292 0.8461665416834379 0.7505732480877896 0.9095800950019644
5 0.7692676724245757 0.44270826616733094 0.6265336192642508 0.42861431419010015 0.6584896163791427 0.1050190486725983 0.8012193312499676 0.11911276874999532
11 0.3238987543837766 0.429450233238738 0.3220349400132818 0.45137584360922417 0.1610224879694897 0.43768852299988836 0.16288651433876566 0.4157631439871458
18 0.36945432492541386 0.5448263739565008 0.37464273699436035 0.6097353249626674 0.16661547003809574 0.6263590432480948 0.16142834747563484 0.5614512742170855
15 -0.02115763616075128 0.2045521146462683 0.1252937642109373 0.1883326698235229 0.2076652873902276 0.9320430673191417 0.06121412164156936 0.9482615234659403
12 0.638703404687476 0.46713372187500035 0.6816678529831961 0.4638809675140414 0.6858787359375356 0.519496995312501 0.6429142891847732 0.5227497360417114