5 0.5763656313603178 0.5885442277531078 0.6904913180642325 0.5526439133374011 0.8230067341341964 0.9738340201374764 0.70888192493112 1.009732388249323
5 0.13134946074865184 0.6902178845781661 0.46513238879833807 0.6654874006150576 0.48838344219609553 0.9792438514872118 0.15460066502441805 1.0039733422150636
5 0.9922303372113674 0.38476673098107705 0.6423298026184057 0.3970291439291315 0.6287767867313505 0.010196936918563668 0.9786683911638647 -0.0020653099536935226
11 0.7029753024673937 0.40176092967486426 0.6182090559050266 0.4043256890279462 0.6164328748325261 0.34561441254219777 0.7011985479789473 0.3430496619394555
16 0.2553079015625599 0.6555935703124542 0.2561116279031239 0.5997954578774874 0.46796039062496675 0.6028447890625364 0.46715781324326144 0.658641781589806
12 0.3664208656250594 0.537025915624998 0.40246752846530853 0.5353482151085323 0.4062454999999545 0.6165128546874997 0.3701988379947352 0.6181905432285311
10 0.5913124327336163 0.32201737335591735 0.5442894666388156 0.32306687497482023 0.5427805810501241 0.255456698490874 0.5898032671875626 0.2544071999999994
18 0.6056792643252038 0.6192024455436425 0.6057238622048544 0.5490897195591138 0.8013783843514375 0.5492134670294015 0.8013350037800819 0.6193249458805015
13 -0.009062790772077278 0.24672025252218113 0.11630365332348447 0.24038094846059535 0.1547184703124458 1.0000000000000002 0.02935208685858015 1.0063388365114883
16 0.2935200264408877 0.6480002069525788 0.2928874732075428 0.6062648243793886 0.454755951007769 0.6038108663056502 0.4553891379960078 0.6455456048830109
5 0.6983404395641628 0.00590361938732027 0.9914108603205705 0.0015598699466147154 0.9970732391363981 0.38359495667148047 0.7040028155629443 0.387938661494221
11 0.6179409353412666 0.40957911915054024 0.6160453842652487 0.3444656564295981 0.7013231637827175 0.3419831387305953 0.7032190235147482 0.40709628390482505
18 0.6245241972869735 0.6169918026398616 0.6201377567476811 0.5532844538479555 0.757423633294593 0.5438325033058751 0.7618107898941844 0.6075390697321364