18 0.6060879948360025 0.5665109915988608 0.6053312399291144 0.6057702436798265 0.39342840107883603 0.6016835804846639 0.3941858812499959 0.562425062499973
18 0.696456123514281 0.602488468792569 0.6966443159345772 0.6594669099008154 0.4385796888201412 0.6603149988711873 0.438392912500035 0.6033379531250007
18 0.4388108046794059 0.5997412006015534 0.43790020832034315 0.5714517564444711 0.5861466460220299 0.5666797191695465 0.5870576024238972 0.594968787100653
16 0.29726878593749007 0.5573039062500342 0.2957173893163372 0.5351423891145597 0.3612244587676514 0.5305569524348033 0.3627759666115935 0.5527183479824782
15 0.3609278531475866 0.6323608980980862 0.42331662660706115 0.5973238472215892 0.5605928225164689 0.8417281110573483 0.49820485852751517 0.8767640560715982
18 0.6585398327561052 0.6074736058458381 0.6599153207682775 0.645743343145567 0.4784862531037106 0.6522614779611187 0.4771114531249623 0.6139924031250119
11 0.6357415794027474 0.4356320079819632 0.6349457554185847 0.4554389058908081 0.48431923984242076 0.4493863485191467 0.48511525648098086 0.42957965142388144
11 0.6421858863870966 0.4369227932830202 0.6417594330439442 0.4511566247440359 0.48624017893439486 0.4464965602548509 0.48666677651374357 0.4322628774110036
15 0.35483312298890723 0.6203551219755535 0.4254836473095338 0.5822604914221512 0.5695007015120837 0.8493157875249382 0.4988511039268815 0.887409118810404
5 0.8177532581453306 0.9951909330697547 0.6706763443874024 1.1474819861363352 0.38618483456127706 0.8727938000461066 0.5332542656249188 0.7205109859375266
5 0.4109951723138465 0.43849384228562654 0.43378540034439084 0.022760833453830686 1.011990605042115 0.05445916259968176 0.9892111812340545 0.47017984271616486
5 0.639905626562495 0.4512492984374796 0.6663976181721409 0.03598783490236815 1.0121905825548083 0.058048415764156924 0.9857047806442552 0.47330387794781675