5 0.44374407187501674 0.7283479890625199 0.40311645795486584 0.5422913160889187 0.7493152933368492 0.4667008689835113 0.7899471456845504 0.6527513916514317
16 0.5396823158416737 0.5137475546723239 0.5416564604068981 0.4845051651657372 0.7459969806012623 0.49829807108597196 0.7440233277261541 0.527539985750302
13 0.5050011405226087 0.36682318120929464 0.497478700865031 0.4106215887319609 0.3305887489757424 0.38195823196048345 0.33811152031250913 0.33816024531244504
18 0.5044693102649944 0.4746613976619765 0.5214881164912413 0.5295545954826304 0.3047998903058442 0.5967274344120833 0.2877822749999268 0.5418352515624648
23 0.25863094442252077 0.6007378162837339 0.44184790004158003 0.5733325355561292 0.4918080950416197 0.9072883191550463 0.3085913776538973 0.9346925329565595
5 0.4903026725348809 0.3015926759899273 0.7342394421874587 0.29516769218750016 0.7369920074750098 0.39967064442757555 0.4930552397252086 0.4060955923376758
11 0.3376127375000806 0.3351380999999993 0.5002126770240238 0.3303832007220404 0.5020125163932789 0.3919286875565669 0.33941257698609206 0.3966835705285747
13 0 0.2059000421875 0.3116345265625 0.2059000421875 0.3116345265625 0.9990598171875 0 0.9990598171875
5 0.7461336750383225 0.2956538968490927 0.6852721611871857 0.5278050508318765 0.1330665489651892 0.3830309828267258 0.19393240937495193 0.1508866265625317
13 0 0.21828259375 0.29785793125 0.21828259375 0.29785793125 0.9933297546875 0 0.9933297546875
12 0.5890408402353842 0.43496291234545487 0.634093284749838 0.43601155369518246 0.6326074188083339 0.4998442267093328 0.587554974460204 0.49879559012625324
16 0.5193484656249439 0.5100600734375502 0.5218163759273011 0.48205300940787776 0.7580401410176592 0.5028649262154995 0.7555727825691747 0.5308714790013802
18 0.5094579262545267 0.4717527826384747 0.5278468265063339 0.536688334094928 0.2731795009177631 0.6087972104666003 0.2547922468748993 0.5438630656249562