15 0.6639834391091881 0.6503609325543293 0.7125406805365628 0.7388011887943413 0.5636194828124417 0.8205492890624878 0.5150641940140304 0.7321107115652403
16 0.9758202309673152 0.5654797472775298 0.9756115261134255 0.5885456096499184 0.7852473563818876 0.5868216357182668 0.7854564426853585 0.5637561607902106
11 0.41628448281244346 0.4735189218750166 0.4147843946690273 0.453364206121961 0.5832263659677892 0.44082706896575047 0.5847266722297491 0.46098155225960996
18 0.6383963027054733 0.5528054914753717 0.6558620781078162 0.6060366183380984 0.4449225888292858 0.6752377565138221 0.4274581109375504 0.6220077312499894
16 0.9958228539322818 0.5603734024961763 0.995022887616301 0.5975227177387092 0.7540152125812938 0.5923306274507413 0.7548159466366542 0.5551821038400545
15 0.6762069445749148 0.6462036982087837 0.7250296055733543 0.7370057851057568 0.5713682828125002 0.8196108453125017 0.5225476707041707 0.7288105161771502
12 0.8697792558967876 0.5040627844017187 0.9074518114889543 0.5001035890095343 0.9132796288996587 0.5555518672843999 0.8756070760979355 0.559511044863689
18 0.6682094318349527 0.5409389171240571 0.6896113157183663 0.6074317513940206 0.43526565147124074 0.689284007903411 0.4138657140623536 0.6227928234374678
11 0.39931609843745264 0.47369020624994396 0.398051290465105 0.45632368656149785 0.5865696636356006 0.4425933473706331 0.5878346829597376 0.45995964447540827
5 1.0207797236498664 0.6149954535619181 1 0.8339000796875006 0.6955678343135787 0.8049973574495232 0.7163539828125067 0.5860998468750069
5 0.2558007395198274 0.4826799659239859 0.24269191562495962 0.24232779687494482 0.6744062955788195 0.21878109730158002 0.6875205548222993 0.45912730098942006