5 0 0.0019190421874999998 0.36694048125 0.0019190421874999998 0.36694048125 0.37402658125 0 0.37402658125
18 0.31095528359583113 0.5246041267479881 0.4013621652978827 0.6013655563215791 0.23328388054210336 0.7992944367350541 0.14287884843759002 0.7225349984375348
14 0 0.397685640625 0.10106425625 0.397685640625 0.10106425625 0.68739743125 0 0.68739743125
23 0.2501937421875482 0.9970210359375383 0.24772895913054072 0.7847217275482744 0.36648009059842934 0.7833436998582106 0.3689482536444757 0.995639649406499
10 0.4130060445347681 0.21051249188678947 0.47319271247442884 0.20981195775823788 0.47416388525505226 0.29324916971091924 0.41397721735449977 0.29394970159692924
5 0.4267182152408395 0.5321661349410718 0.5519188630753433 0.5811815909663023 0.3874841841814032 1.0011276212841362 0.26228495772920724 0.9521147554240228
5 0.9955463129714417 0.3701541219804325 0.5392092816915692 0.37546567444472473 0.5349026265453176 0.005074881368099604 0.9912300692492408 -0.00023661554614891973
11 0.07610502812497089 0.4243624078124879 0.0700255581782585 0.29524406844869083 0.36212128770705476 0.28149007440581897 0.3682027175384519 0.4106063529750219
10 0.5919286812500104 0.5661820562500355 0.5907973426784565 0.5272854241083453 0.6315036812500239 0.5261015515625157 0.6326351475870524 0.5649980519449309
16 0.5633236477522132 0.6190382951771243 0.5565474703124664 0.5620113187500239 0.6954093013459897 0.5455124801708424 0.702186086697111 0.6025387403833757
5 0.973086975696333 0.6363348732536883 0.9280100692869837 0.9891479501949214 0.4965116955219173 0.9340099656174985 0.5416041390625423 0.5812156750000106