18 0.6069177740524765 0.5629362161390444 0.6085898753713082 0.6021677482953093 0.3966298467458955 0.6111985240231222 0.3949585191011238 0.5719677389693653
18 0.5634405565593852 0.6048761296238148 0.5645818863247314 0.661851434703214 0.30634107187404425 0.6670200362171451 0.3052011928581351 0.6100461595106081
18 0.41468270937502894 0.5999680953124614 0.41493614376611276 0.571655947202212 0.563332620290339 0.5729832783424089 0.5630795645438411 0.6012950541538722
16 0.7037112306802555 0.5555619098236017 0.6381348875360118 0.5552706249145843 0.6382338565068721 0.5330236500030412 0.7038099578124957 0.5333149343750002
15 0.5084196546874864 0.8796911093749735 0.4455390794879577 0.8459269908512895 0.5784577356459977 0.598434171360086 0.6413351148464699 0.6321972366840606
18 0.5249218210702793 0.6164323701781351 0.5244383591336828 0.6547368677410561 0.34280348741242506 0.6524426880503462 0.3432876120788251 0.6141388608854643
11 0.5136507154478522 0.432212698127149 0.5149077253581709 0.4519934218130536 0.36449189846428 0.46155048469125104 0.36323510312502094 0.44176996406249924
11 0.5121365824633131 0.43493191420131727 0.5128945246821104 0.4491497250543872 0.3575733878022902 0.45742839364649585 0.35681560312502825 0.44321073281252615
15 0.5079591015625056 0.890350918750022 0.43678123859285733 0.8536855211334892 0.5760424248729805 0.5833940213139781 0.6472163129749333 0.6200581809050644
5 0.4706473613432536 0.7242470067091247 0.6203372662716902 0.8729718784127342 0.3462899042316394 1.1487166594350018 0.1966082437500063 0.9999999999999838
5 0.01385738480416876 0.4842634074256803 -0.018236617344541628 0.07333299941311713 0.555860313898279 0.028498271173030828 0.5879635960206997 0.4394159741950511
5 0.017662423119077175 0.48726295630412103 -0.018086632034737704 0.07699691429448582 0.32359123300307147 0.047226426665727524 0.3593453428271687 0.45748596768558014