15 0.6691310972972815 0.6406535685210802 0.7209832258786264 0.7269019993353459 0.5747677359374848 0.814789829687489 0.5229174782949713 0.7285430252081894
16 0.9778155747544588 0.543145292088415 0.9785459615754917 0.5661965932726296 0.7881370195801765 0.5722275438932345 0.7874070168164735 0.5491766176409367
11 0.41541130312498353 0.4740398906249646 0.4130948027128625 0.4539757758433236 0.581038033933055 0.43458610791313845 0.5833547382973165 0.45464999284575175
18 0.639970820078247 0.5442877290841918 0.6595155950551543 0.5966779898884151 0.4513038121581303 0.6743423583652841 0.4317603093751359 0.6219531750000137
16 0.9976277978192911 0.537228750218113 0.9983409426893104 0.5743762124973765 0.7571199618589617 0.57900393621973 0.7564075925005227 0.5418572408410444
15 0.6812020708201771 0.6360020480860489 0.7334162681910357 0.7245939227629896 0.5824790640624542 0.8135366656249602 0.5302668305212137 0.7249464940807855
12 0.8696662677930362 0.48588560571941497 0.9072072281788905 0.4806056849037527 0.9149961200928374 0.5359815129651188 0.8774551644997928 0.5412614108033714
18 0.6693095980481303 0.5312312332498424 0.6933115282746485 0.5966914283021351 0.44220361420127574 0.6887496089201449 0.418203592187524 0.6232910265625078
11 0.3984592343749682 0.47490188125001664 0.3964908623128167 0.4576121526703858 0.5844542071872638 0.43621320517615375 0.5864227772080994 0.45350271364177774
5 1.0117515521548057 0.5901038961037693 1 0.807783067187506 0.7074691883954074 0.7919849705827846 0.719227028125033 0.5743124124999623
5 0.25671594792390806 0.48959652132290304 0.2338560312499567 0.25010415156254323 0.6631949230038572 0.2091227268221501 0.686059936112656 0.4486092028565077