5 0.41100546030395435 0.14330366553494037 0.42634158817486423 -0.015190430982981989 0.7645487099549655 0.01753459032759135 0.7492132165785961 0.17602821151876116
16 0.7308587265624737 0.6051437453124925 0.915640513733365 0.5425003663870952 1.054169420678818 0.9510586940644299 0.8693891667260232 1.013698806015747
10 0.7965757038862193 0.12890570652219072 0.8677763031250834 0.14818383125001197 0.8389457175617281 0.25466375015070253 0.7677451421874366 0.23538568749999805
11 0.7002865406032015 0.16993288477069027 0.6921371209415383 0.273121734780408 0.4154733620478055 0.2512706377322255 0.4236236129138433 0.14808271092324338
18 0.37055194531251345 0.5108139765624746 0.3937117918349031 0.4193441757807166 0.6867468574002942 0.4935324286829744 0.6635894697956246 0.5850001069717081
23 0.355417353361986 0.7922679580614748 0.20047838974392107 0.7840945673957427 0.21603081875002772 0.4894061750000011 0.37096089773331187 0.49757933117797615
14 0.41964907331282575 0.06733911693840586 0.41522221891818845 0.26778245712258975 0.24418193871622407 0.26400421510924066 0.24860963125001945 0.06356171718750792
16 0.7330208531250264 0.6147862624999844 0.904795077941003 0.5503644514045201 1.0523403217709983 0.9437147455862509 0.8805677987609215 1.0081332756849768
5 0.41066717656246965 0.14257312656246465 0.4229987166348792 -0.011166433725954281 0.7661406300816225 0.016356655475370876 0.7538096936349348 0.17009583096289072
11 0.7034002377049546 0.16919820729692145 0.6958861035524251 0.26834389873084347 0.4160557267364311 0.24713461664585998 0.42357066729505277 0.14798986780371334
14 0.39335090052190935 0.22973922136260233 0.24643899540467373 0.21984253558047598 0.2550461220781699 0.09208185590600505 0.40195711406249757 0.1019785109374986
18 0.6336501309789355 0.4885749083456107 0.620793343102946 0.5584404902297425 0.3919113904104279 0.5163221742822041 0.4047691221248897 0.4464578645801847