5 0.03476079900951845 -0.014161019711399273 0.4054400794012736 0.01178020671478146 0.3802443937499902 0.37180442656249996 0.009565100353825073 0.3458634650237883
18 0.3121114307255084 0.5157334204950471 0.3960593463744999 0.6019389338181108 0.21283666560429992 0.7803384615808852 0.12889093593753387 0.6941351046875199
14 0 0.354345203125 0.0955964640625 0.354345203125 0.0955964640625 0.6378907484375 0 0.6378907484375
23 0.2115367999999762 0.9831769437500402 0.22900622141867188 0.7691273596942241 0.34908424143782213 0.7789256034545197 0.33161852284968063 0.9929717777613888
10 0.43932218648069465 0.21510285810084567 0.49940153072918747 0.21930734410319616 0.4936040358370519 0.3021481620239375 0.43352469302817553 0.29794368977519564
5 0.42630748590499934 0.5370173512305725 0.5481134759507995 0.5972395749228065 0.34907347928538 0.9997495482711071 0.22726958838870814 0.9395305020757219
5 0.55162445625 0.0740069125 1 0.0740069125 1 0.4366195484375 0.55162445625 0.4366195484375
11 0.08669540781249907 0.3898406546875375 0.09488884504980888 0.26082830109879646 0.38603273048079245 0.2793168154780964 0.3778413549606512 0.4083272062193462
10 0.6316231653617024 0.5524708732147345 0.6284610828124642 0.5912382359374436 0.5880820060264114 0.5879448856985218 0.591244212499987 0.5491776593750252
16 0.5541118639474689 0.637473608447524 0.5536548718749827 0.5799241296875214 0.6948460926450934 0.5788026448444834 0.6953038322048997 0.6363513627351091
5 0.970038511099915 0.701792839192172 0.8937698535905838 1.0179490851544244 0.46093970390973027 0.9135379488696953 0.5372199765624828 0.5973994874999915