5 0.04416607526150074 0.2555055936909653 0.02329799384335729 0.04564407371692783 0.5862683807908979 -0.010339296620223263 0.6071383534780352 0.1995213417873134
11 0.40928155304106895 0.1069760765902647 0.417327121346716 0.21508177449557142 0.06445005563875839 0.24134146102250165 0.05640557664571588 0.13323673096910432
18 0.15742504843751703 0.6494965390625417 0.13848712580602296 0.566141840834478 0.44460888338824134 0.49659540415361436 0.46354840355093074 0.5799478706211997
5 0.15089272851287205 0.6730969543444729 0.49477520156256105 0.6118600453124902 0.5583883039973898 0.9690226290302518 0.21450656396552858 1.0302567220095542
13 0.5928081884927678 0.010376744301063886 0.9442314528464522 -0.02558857075602723 1.0433833449968688 0.9431871083165732 0.6919602698601466 0.9791497694133331
11 0.05828846741042071 0.2455447144546024 0.04403317031244569 0.1316728984374875 0.4102482185558074 0.08582685805680244 0.42450437405034336 0.1996974814870242
8 0.6673663710496385 0.7324332150324364 0.5691934163941141 0.7407224677177594 0.5351399736404119 0.3374193263728148 0.6333068234375787 0.32913032343749804
18 0.13375207187505112 0.6699192968749911 0.11144950003767917 0.5756574345818428 0.4843259371318709 0.48743835141706887 0.5066306817033137 0.581697022975239
23 0.5185229726764646 0.6474028177532931 0.6584899549660577 0.6363580304335836 0.6858672586171224 0.9832370298796849 0.5459003393669946 0.9942813320018355
13 0.6034939313051382 0.008537276662068627 0.9567835055612477 -0.020648264468393587 1.0370538686375994 0.9509717281103234 0.6837643861658762 0.9801553154140962
5 0.6045184816268829 0.23860484855258784 0.4249362755289212 0.2557414629582892 0.4011641420418073 0.00661765444851201 0.5807450036118098 -0.01051890541945511