5 0.2585891199349817 0.406589566417283 0.29472178125001847 0.05139449218750155 0.9159166112314097 0.11458262467845429 0.87979391829208 0.46976838139284255
11 0.530542199636443 0.42131019054850216 0.5300298553607945 0.43723300690501576 0.28205433671303126 0.4292523066708645 0.28256692812510664 0.41332974687497986
15 0.2696721102445281 1.0035579134326176 0.2646653757645936 0.856021598744005 0.6087044328124875 0.8443472734374559 0.6137181411259007 0.9918760800037041
5 0.9834563931258344 0.6481080691301189 1.064023046600937 0.8927011933787498 0.6211867525654498 1.0385141004735663 0.5406373245147051 0.7939356138844121
16 0.869408171402597 0.6336306383091428 0.8633836099166956 0.6732736578217301 0.6656723477758533 0.6432292023967753 0.6716975322353846 0.6035869677423127
5 0.5384877639370416 0.1328608605702856 0.9134419322529084 0.14561831286521168 0.9031326506643609 0.44861247983859465 0.5281784890624976 0.4358552031249987
15 0.28916328400066504 1.0032302156204629 0.286535152569968 0.8523347524786905 0.614783167187511 0.8466167609374818 0.6174182450305352 0.9975049731966561
16 0.9188071794964117 0.6361293190255283 0.9058496532345544 0.7095244623253366 0.6204532071883477 0.6591405898118301 0.6334123633678246 0.5857475259628174
18 0.5485614108118853 0.7500423113476397 0.5117565437853955 0.8504896653926614 0.2648518991859419 0.7600312859337894 0.3016582102245593 0.6595867669171881
12 0.7865699963678026 0.5361631846832876 0.7881061140625434 0.6240728671875193 0.6662264154604145 0.6262012120788917 0.6646912625000141 0.5382924781250563
18 0.549730341592408 0.7497655573645108 0.5022883570995873 0.8692063033307501 0.25412079099339735 0.7706449555325118 0.30156430626311703 0.6512076440728262