18 0.5484663624999939 0.44986085156250244 0.5898349539153287 0.41671120696452474 0.6495023525494616 0.4911674712522726 0.6081339661270704 0.5243168875859426
11 0.5462372553786281 0.3025828076348665 0.5462601047804583 0.216697203483804 0.6570706140624907 0.2167267484375162 0.6570481479689079 0.302611946563596
12 0.39896423153504657 0.39267131551309103 0.421563626562488 0.39306568750000026 0.420528827800581 0.45236147204428895 0.39792943281258886 0.4519671015625007
13 0.9877522370851466 1.0028821368174425 0.5661298093749565 0.9934124828124992 0.5803494256400654 0.3618807914888647 1.001923549665321 0.37134995477488425
11 0.6540040592241212 0.22251659708120206 0.6769445270372216 0.2911687517406053 0.5671659546942465 0.32785053940881687 0.5442258751296549 0.25919871261400323
13 0.9829593187663477 1.0015828673785223 0.5764437390624835 0.9932924703125005 0.589473816660302 0.35558231372916765 0.9959392829166518 0.3638722233309991
5 0.32894576482635784 0.2899459922752221 0.335377873437551 0.10733843906251227 0.5617217810204238 0.11531088784057682 0.5552910087451437 0.29791714077173614
5 1.0000040200192188 0.28540187968750014 0.5448682242707719 0.2854018796874999 0.5448706409641773 -7.454425034680117e-17 1 2.2363275104040355e-16
5 0.34238806400730937 0.47931491363262146 0.5875834378309719 0.4702068366352354 0.5978426596150257 0.7463646120047781 0.3526472963899323 0.7554724581133656
16 0.3670804484374912 0.46796844062498183 0.36592366357444917 0.4446749609322925 0.44889165298093303 0.44055474124824073 0.45004856461173404 0.4638480872193636
18 0.5404790156648005 0.47091630047370636 0.5841055753205637 0.4266495230132905 0.6477380245992208 0.48935757245640976 0.6041117609956927 0.5336240569984225