5 0.36864873801584963 1.010249716577948 0.25019701006169726 0.9896101671324433 0.3230146787177546 0.5718445239420575 0.4414539681331462 0.5924829294336692
5 0.9163196244843448 0.9656202905916184 0.5817868896302798 0.9856299239084935 0.5623247929813715 0.6600600909004418 0.8968305389377065 0.6400512670794647
5 0 0.030770454687499997 0.3435133015625 0.030770454687499997 0.3435133015625 0.416092425 0 0.416092425
11 0.2846334866436564 0.3646078299115318 0.36902283974802685 0.3558383820232286 0.3751119393376712 0.41443187372592544 0.2907225914098035 0.4232012908048761
16 0.5582137358765067 0.6499963483803458 0.5509390515625228 0.5946605812499824 0.7619345122450341 0.56692399842524 0.7692101134571203 0.6222586564969627
12 0.6070433696996815 0.5207793159424584 0.6430185294193507 0.5176322094385795 0.650040644507385 0.5978959520017754 0.6140654876099916 0.6010430369034757
10 0.4371660745794088 0.3261447635483756 0.3903410616039764 0.3309462472704984 0.3834185671875048 0.26343721562500294 0.43024329662853233 0.25863574656843735
18 0.22198928906254878 0.6496998828125495 0.2138076227985266 0.580066076876754 0.40697242894543706 0.5573707924265147 0.4151551732276175 0.6270034106367176
13 0.9050700280420187 0.1834919809891923 0.996146119658647 0.18230568465859573 1.006329536392741 0.9640590892917793 0.9152534457208503 0.9652453052089643
16 0.568759076264314 0.6355621584020423 0.5645438400140392 0.5940469463049173 0.7258980546025668 0.5776647696090442 0.7301138401261369 0.6191793617590686
5 0 0.029309629687499998 0.2877983546875 0.029309629687499998 0.2877983546875 0.40905183906250003 0 0.40905183906250003
11 0.2847704384784038 0.363378571239568 0.3695625843115522 0.3550237952364794 0.3759600944875956 0.41994889440879946 0.2911679537052123 0.42830363783936265
18 0.2596771828125384 0.6334299218750159 0.25663698798541645 0.5697212772789529 0.3932179899657058 0.5632037744221917 0.3962589389475397 0.6269116289169985