5 0.00006932899327694031 0.005958122107266885 0.3691858791528375 0.0016631285102361268 0.3735436687500169 0.376174328125 0.004427114561053713 0.38046927731212216
18 0.31996002514222255 0.5266891359645799 0.412012813674437 0.6036349718172546 0.24757073303578636 0.8003346761307638 0.15551976406243284 0.7233908156249812
14 0.002765637758784578 0.3976996154061419 0.10533191313402313 0.394715847721885 0.11377614801949676 0.684962267111509 0.011209877364876775 0.6879459649766173
23 0.26764762499999506 0.9985105687499763 0.2664180321174854 0.7861611138787722 0.3851691336451495 0.7854740484269004 0.3864021338922612 0.9978201300035691
10 0.41679498437497386 0.21397267968750014 0.4769409360443433 0.21222282507359355 0.4793483281250701 0.2949681359374985 0.41920237670058214 0.2967179849371358
5 0.4357092306569257 0.5356931857791457 0.5626027508660627 0.5832736805599548 0.40512947157901635 1.003171466031923 0.2782372801063957 0.9555934800232109
5 0.5458580538255546 0.3787499811475252 0.5435007544585915 0.002723081565288878 0.9981135708619604 -0.00012741857202594958 1.0004758759137076 0.37589447146997357
11 0.08352775937498791 0.424819598437523 0.07818935020031859 0.2955377801902163 0.3695569482024439 0.2835055415987094 0.3748973342272848 0.41278529091789723
10 0.6410410585551745 0.5297883846331009 0.6419474250000121 0.5687139562500549 0.6017055401172229 0.569650751368013 0.6007993078125082 0.530725310937448
16 0.572948373031295 0.6224836356311545 0.5664704531250209 0.5652686796875431 0.7063674884431066 0.5494306631929462 0.7128460317949248 0.606644891251984
5 0.9921306434903272 0.6430492225617068 0.9452876017068093 0.9945575912528589 0.5050005128978228 0.9358758859577302 0.5518593000000465 0.5843867374999882