16 0.6282287578125079 0.6072866734375185 0.8115873594127834 0.5004646196855786 1.0628919516537962 0.93175845263427 0.8795379550790585 1.038574140436558
10 0.6393637126479916 0.2272682403561931 0.6940982250000616 0.23343650312500117 0.6859287752910177 0.3059272181270707 0.6311942656250267 0.2997589734374985
12 0.9339688227346414 0.6788259961290941 0.9860423320610607 0.6839921444751589 0.9751138317050163 0.7941311180760264 0.9230403318707658 0.7889650338717893
14 0.06908374128545347 0.2996010108168378 0.095391956249955 0.09794802343749015 0.3344001240483294 0.1291292502795747 0.3080936664825913 0.33078065102154697
18 0.2819760562499596 0.5806234734374501 0.2917348570457534 0.4990263474460351 0.5714347283299048 0.5324723426975679 0.5616780670898152 0.6140675270492835
23 0.1130076671875031 0.5929584968750029 0.2766642279973439 0.5824025647855948 0.29859179941422553 0.9223079252741174 0.1349352742118981 0.9328634367295657
5 0.28574558247828463 0.20399758818280414 0.3162115719835583 -0.0011507797080778368 0.6343853806541802 0.046099996156240754 0.6039207390278989 0.25124715014954313
11 0.5815160513149067 0.24896117426033132 0.5706369200518111 0.34074256887504256 0.3082550930951129 0.3096404013194272 0.31913509800710926 0.2178600171812525
5 0.8255668819100492 0.6417423699056077 0.7981356504152473 1.0113667900079488 0.25320790211651456 0.9709031836061356 0.2806620609375159 0.6013034718749871
11 0.5848187735687134 0.24702506683476338 0.5728303361933058 0.3357668324199561 0.3100038980410318 0.30025956984833824 0.3219931639690685 0.2115187828864191
18 0.5458156596944264 0.531807135575962 0.5403596031250117 0.5868017625000286 0.3073045248034987 0.563679677755777 0.3127615320706809 0.5086861354226565
16 0.6513523312499956 0.6200805281249939 0.8033895343507993 0.5263245495131121 1.0544093455968095 0.9333202786412296 0.9023762948347667 1.0270708631633525
14 0.10113240695056902 0.2677634599300007 0.12006068906248402 0.131328732812474 0.3122767447159731 0.15799541265176023 0.293349437632628 0.29442924707357104
5 0.6407482555911201 0.07885697724613884 0.605801424717697 0.2636648562084457 0.06644430274752722 0.1616698137246532 0.10139261025949509 -0.023136742699135893