18 0.21696977031228926 0.46110462500004257 0.21903536883087327 0.4343042730888628 0.36158646873593625 0.4452899052899898 0.3595211525416744 0.47208999450551714
12 0.4275239493815661 0.3948260310500803 0.44125801933739695 0.39522579148470693 0.43947782863722296 0.4563823189468275 0.4257437587506274 0.4559825600976941
11 0.1984485578668682 0.3388520858365323 0.20761466093745184 0.17532733750003893 0.3752933428428378 0.1847261136670746 0.3661283708547671 0.34824978918688626
15 0.6268281661974697 0.37232471800519523 0.5471557341571724 0.3647427106927804 0.5543051234375298 0.28962211406250365 0.6339769533642539 0.29720409252698154
13 0.6569733428380005 0.326699345076503 0.742746207068194 0.33663825352630056 0.7064912893199562 0.6494984339867073 0.6207184640624064 0.6395597578124947
11 0.20619502656256827 0.32526202343749483 0.21930131672422704 0.18201842723182776 0.3779066516436842 0.196530086884511 0.36480136562067855 0.33977271748130355
13 0.6912701548145606 0.644970636963055 0.6019689308435545 0.6296568849913494 0.6550978281048856 0.31987491836516435 0.744395291201954 0.33518835590616836
5 0.6316971786168324 0.4934523445622449 0.623282585907873 0.6416065899815198 0.19446175590394432 0.6172428794639354 0.20288142343747495 0.46909399218747777
5 0.6408890198501922 0.23698088229169967 0.6222425534435843 0.37779065777206106 0.345890051711649 0.34119380733811816 0.3645379531250228 0.2003858234375356
16 0.4206449687500253 0.4699005687500498 0.4217778733433306 0.4505436816746142 0.5511906172396266 0.45811687843459903 0.5500578996059176 0.47747358755684427
15 0.5582419946942991 0.2854508503648839 0.630766118724523 0.28993532059894916 0.6258639646079018 0.36921189311073815 0.5533398421874836 0.36472744062500184
18 0.22141101562488075 0.4560235593749693 0.22334563549907216 0.43415749487451927 0.354050257725703 0.445720541694661 0.3521158504918276 0.46758640801028156