5 0.5620740377506763 0.5961819103101911 0.6801691294124339 0.5749396084969849 0.7547638800634786 0.9895725490631556 0.6366690976826703 1.010813749360716
5 0.10681267251084137 0.6420811579860651 0.44164772662463747 0.660167097033291 0.4241133525786154 0.9847311612691118 0.0892783244802331 0.9666459499724526
5 0.6586565859375 0.035737293749999996 1 0.035737293749999996 1 0.42024282187499995 0.6586565859375 0.42024282187499995
11 0.7117762599705202 0.4269557097207606 0.6272410958926002 0.41865786363589547 0.6329772807484915 0.3602261330494748 0.7175118466695949 0.3685239493130273
16 0.2344104937500333 0.6235980796875429 0.24198771943849806 0.568385206059509 0.4525205828125536 0.5972731421874617 0.44494456514405556 0.6524849353485932
12 0.35999297591558843 0.5197090682475787 0.3960201687726794 0.5226526462746514 0.3894312696590987 0.603288337513172 0.3534040792887936 0.6003447798534134
10 0.5643457799906173 0.329379623398729 0.5712466872905679 0.26220943618687226 0.6181140656250363 0.26702438125002864 0.6112133146564247 0.33419442452862624
18 0.587736067893502 0.6303101451696212 0.5963023721343461 0.5608216348925229 0.7903552805429399 0.5847405567576677 0.781790360756986 0.6542277905419985
13 0.09036820579422056 0.965738383076489 -0.0007318489105045956 0.9650816124523769 0.004914837885394263 0.18258409680919463 0.0960030185785854 0.18324082605694103
16 0.2734063914008402 0.6207395113210028 0.27785373302913285 0.5792998408575374 0.43914698532432794 0.5966071939042602 0.4347003227564983 0.6380462414641244
5 0.7145814390624999 0.034276117187499996 1 0.034276117187499996 1 0.41319530625 0.7145814390624999 0.41319530625
11 0.626417964857751 0.42415251632472095 0.63245776034762 0.35939560113222857 0.7173960657755742 0.36731727216192467 0.7113566302379013 0.43207385460199726
18 0.6066853231034202 0.6303854104731051 0.6100940567816906 0.5667342535687634 0.7474158683170344 0.5740871415433814 0.7440079781642908 0.6377374891331028