5 0.33135377876863004 0.23069777593573165 0.30930579934181424 0.020615465907070432 0.867487278912904 -0.03796660250573801 0.8895366599062982 0.17211377144009168
11 0.8574524053869936 0.054131330569389326 0.8714813627457261 0.1618359967210402 0.521273534198599 0.2074502682433432 0.5072454595423324 0.09974647391317425
18 0.5523007984374999 0.5745099421875185 0.5540229108894437 0.48895423044647507 0.8675444516945845 0.49526155391139076 0.8658245577369144 0.5808150908931775
5 0.8894218056722138 0.9711620188630744 0.5407781852463813 0.9827898119936831 0.5284291890625354 0.6121231359375003 0.8770415481160398 0.6004958657008996
13 0.4108822144272608 0.9999959264131142 0.05878968434649323 1.0379471246019711 -0.048013442400588247 0.047036286032279905 0.30402876306493454 0.009087652318331498
11 0.510795381115031 0.1938162551648978 0.5017186350933116 0.07922098327649744 0.8689363093750444 0.05013396406251393 0.8780137762109916 0.16472842966785314
8 0.3343075781249354 0.3629111234375039 0.4318690255861384 0.35064650874107645 0.48245180204207827 0.7529862353768513 0.38489043555694025 0.7652504341443424
18 0.5105759328125714 0.5849327234374957 0.5133963269744299 0.48800252629672686 0.8960149135641586 0.4991302966387176 0.8931976712797223 0.5960574190087731
23 0.5577324514023303 0.9953966929859946 0.41878926182175746 1.0136321224790596 0.3736745850337684 0.6699089591272821 0.5126051772028859 0.65167438916904
13 -0.041188497093457954 0.04755914046597073 0.32689135125463054 0.013237593413975686 0.4189070781250166 0.9999999999999996 0.0508278489969598 1.0343189530678718
5 0.3146817203124783 0.01614089374999572 0.4935648195834119 -0.0043792928213670385 0.5224937999383883 0.24780607541636115 0.34361070375382496 0.26832616918428026