18 0.6450823576948324 0.46380813775729557 0.6425460462008914 0.43702353108796776 0.7850714717088749 0.42352768276876507 0.7876080140088106 0.45031202793182956
12 0.5614317255476635 0.38852946356115603 0.5751437357685063 0.3877308741908431 0.5786933324443453 0.4486753379584281 0.5649813224945319 0.44947392422041604
11 0.6351792953124686 0.3400987843749979 0.6231511531775595 0.17665108355641432 0.788649917187513 0.1644719781249935 0.8006790057343096 0.32791874096640206
15 0.45361602488014796 0.3598626592177699 0.37415691273440643 0.3686484393815356 0.36585473001139235 0.29356287836956024 0.44531325000002653 0.2847771312499976
13 0.34373123395005223 0.32363198821916367 0.38952378401268106 0.6356850456902245 0.30420385287516183 0.6482030574962566 0.25841351874998963 0.33615198437505256
11 0.6362595718750299 0.3316014531249862 0.6206290792222262 0.18845916191877862 0.7787993611659658 0.1711880966573838 0.7944306282732896 0.31432944866908963
13 0.34542946069927893 0.31668855929227235 0.40603514536985585 0.6256695470900197 0.3172596712028053 0.6430797309221058 0.2566562437499442 0.33410065468750133
5 0.8019262754148713 0.4580357849541112 0.8129524168400621 0.6061201166538648 0.3848783696491864 0.6379812114732399 0.37385791874999086 0.48990232187504346
5 0.6324683144746359 0.1922573837792234 0.6536325040862039 0.3329279530311721 0.3783684197586581 0.37433830463599993 0.35720609531256287 0.2336693546875445
16 0.45502399218753453 0.4724865890625035 0.45355234299438507 0.45314042105764774 0.5827340717270317 0.4433137816809793 0.5842058810317212 0.46265977493429883
15 0.4484633187171312 0.35983889087024723 0.37615125540912686 0.36642259121283416 0.3689438622183161 0.287259737172405 0.4412553640624992 0.280676062500001
18 0.6524328016057552 0.45917296133894614 0.650112956167959 0.43732174122719925 0.7806992532422328 0.42345834396352866 0.7830192681075232 0.4453093701463457