13 -0.018711158327846533 0.397063604848919 0.19152585994220317 0.3724600469659452 0.26478980781246264 0.9984256515625021 0.05455319317047724 1.0230275698963838
14 0.5560625749325254 0.6928446484430139 0.6218944216332147 0.851561361001269 0.2870223453124936 0.9904167796874583 0.2211991250568417 0.831707346732678
23 0.5499491579357709 0.6200518058552085 0.7244222281250359 0.6023155406249976 0.7570804135377784 0.9235240378617628 0.5826074622018496 0.9412596222537852
11 0.2416196526812655 0.490878232131538 0.21820630937497754 0.21645009687502903 0.6239750982673513 0.18183106898044837 0.6473936649618963 0.4562532844205907
10 0.8651534437500459 0.24454035937496071 0.8445374824431156 0.17880216876033345 0.9560663796875133 0.14382624531251784 0.9766824702380745 0.20956420950580504
16 0.7066771109374486 0.5802962296875258 0.7191010329811434 0.49964034491961723 1.0087512128366143 0.5442499132320265 0.9963295528959861 0.6249038003197371
14 0.5514740015147481 0.6989658833853709 0.6152117388586475 0.851654045227267 0.295937804687469 0.9848916578124715 0.23220799058310604 0.8322101837402415
18 0.647912337953926 0.5618754372842877 0.6693133434516767 0.6332623962536442 0.3558849614330484 0.7272071774505586 0.33448664687489327 0.6558225187499829
11 0.2415734944813721 0.46577391287406145 0.20986130616029186 0.22630965000286196 0.6154656513823511 0.17259608376955438 0.6471819570830348 0.4120551448874894
5 1.0131600646303696 0.6394243777556433 0.9731964762098642 0.8555387970946644 0.7153452097114723 0.8078593872427934 0.7553135359374892 0.5917514250000079
13 -0.020577492369056927 0.4078685814431592 0.1857115060695378 0.3823129121638698 0.26204857812501814 0.9984415984375014 0.05576000561620731 1.02399556091458
16 0.7815225296868675 0.5750639031249822 0.7888354074289055 0.5294759707977241 1.003731336573992 0.5639428986432572 0.9964194231006331 0.6095299794429702