18 0.6194110848101673 0.5436064879040461 0.6272626410811881 0.5820247405550004 0.4191026467218535 0.6245597091485312 0.4112519187493717 0.5861421781250012
18 0.7158485405234387 0.5587816881766478 0.7284958246927999 0.6142667580299314 0.4762914023309577 0.6717438659666707 0.4636456609373454 0.6162601265624958
18 0.4631142080263544 0.6127022520772435 0.4560390540215167 0.5853275041913509 0.5999310264877522 0.5481410346834112 0.6070064110116391 0.5755154184816906
16 0.3154130281250218 0.6024117359375045 0.30905354213791725 0.5811442967530861 0.37202157754563814 0.5623171822918228 0.37838113423140385 0.5835844962830381
15 0.3946339279465292 0.661644543895765 0.4474426801999698 0.6135790636948877 0.6363993038030458 0.8211501659632373 0.5835920367111385 0.8692141125671843
18 0.6798268455175958 0.5719640924743106 0.6895379452262205 0.6089660870051499 0.5135804576086684 0.6551387002394569 0.5038700874998767 0.6181373312499686
11 0.6187247058560388 0.40978997574615844 0.6222830526886582 0.42926036806998136 0.47381450629302435 0.4563916398127616 0.4702563790815475 0.43692144101326824
11 0.6253110988633352 0.409632865562173 0.6280096620755558 0.42359394970731845 0.475085041614534 0.45315053112246984 0.47238664088456517 0.43918958950969256
15 0.38598136452924336 0.6513068316665347 0.44614038996769523 0.5984056320654569 0.6467753227194635 0.8265317838112851 0.586618037080143 0.8794311596479987
5 0.9258814733223062 0.9164619488153831 0.8160599811317297 1.0985112584969317 0.4728632722487873 0.8915175836757882 0.5826840078125315 0.7094784109375004
5 0.3997827831116183 0.46186130086402216 0.33636661822424685 0.08381347974846608 0.934387918492348 -0.016504155095608746 0.9978106186600826 0.36153572631398295
5 0.5992862136306485 0.016056816173889276 0.9360409768498812 -0.006243693212223825 0.9630608222540786 0.40177364246277397 0.6263060697087894 0.4240738677647142