5 0.12120139803789698 0.45808416828652637 0.10160585397863997 0.10123641226709913 0.7207657625000365 0.06723316562496506 0.7403697042988142 0.4240722895698935
11 0.7202790153556862 0.42946046299649954 0.7200507237731699 0.4453960009861775 0.4721622488585808 0.4418427549206684 0.47239079867927103 0.42590747788766675
15 0.7155283315288443 0.9883228290524305 0.6621460415626643 1.1134877554019953 0.3259790277131742 0.9701446025429571 0.37936354218754786 0.8449864046874634
5 0.4509129669578442 0.7984193906371374 0.3597163828100065 1.0382688578513748 -0.07944407405705078 0.8713089333463814 0.01175839218751662 0.6314741187500145
16 0.3252647324387681 0.6014249008493978 0.3294542533839149 0.6413662501289568 0.13047631909103075 0.6622321960384079 0.1262876315597623 0.6222915998406595
5 0.47408678064459764 0.44054523983258836 0.0989791679442078 0.4402067411811439 0.09925694596222456 0.13695832317264175 0.47435439062508067 0.13729681718750014
15 0.3732104891734025 0.8469713696294942 0.6966439228779109 0.8515424915174346 0.6944868715868324 1.0041276737256848 0.3710534362096496 0.9995566516041888
16 0.36431209396528175 0.5853429882803635 0.3738828878243794 0.6593938921865707 0.08634853251453478 0.6965467958032704 0.07678004687477369 0.6224979749999693
18 0.6929272248333973 0.6745405958340551 0.7252687380267844 0.776921562966792 0.47508872197363416 0.8559336114246511 0.44275090937492223 0.75355581718746
12 0.3346100064085249 0.5365852417138802 0.3289919609375147 0.6242929921875509 0.20728812492814086 0.6164970549853254 0.21290704374996494 0.5287902437499805
18 0.6931931915651148 0.666203832537773 0.7353716868070705 0.7881312902010577 0.4837667822457661 0.8751485687271351 0.4415927781249138 0.7532249265625088