5 0.653548568749784 -3.0835455328179476e-7 0.6535489110524395 0.1625282255664302 0.3130185011766571 0.16252789036523793 0.3130188343750433 -3.1358281312554363e-14
16 0.03534684180340264 0.9963647979876716 -0.13579488650998428 0.9072067713722122 0.08343382530472354 0.4864995587101294 0.2545586489038669 0.5756519886096632
10 0.275964461502781 0.20437502188019352 0.20248977712628857 0.21230882519436606 0.19080603750001046 0.10410527031249434 0.2642803489366088 0.09617148732240535
11 0.6289533262340683 0.1657801848668668 0.6226507062967812 0.2692023043895129 0.3462276384274219 0.25235536806579023 0.3525311073408375 0.14893412404141346
18 0.3241452859374476 0.5650579765625101 0.313987039007543 0.4714401408802027 0.6150214474068889 0.4387756654008964 0.6251815904474824 0.5323913256475037
23 0.6271218179736024 0.5165847782502603 0.7811485187500011 0.532690542187503 0.7501299804731616 0.8292973567729022 0.5961033515625331 0.813192084375001
14 0.6460908354498542 0.08618164887944764 0.8155875562500796 0.10647791875000635 0.7916744971726075 0.3061769708219754 0.6221777968750075 0.2858808218750008
16 0.02395193208371893 0.9903633236203808 -0.13429387875362409 0.9017981831114935 0.09268349885599036 0.49633964713143885 0.25091500211544826 0.5848996356268339
5 0.3035097627724781 0.14187384375658338 0.312999675175206 -0.016967690782108122 0.6529653656250503 0.0033429718750323076 0.6434760404108602 0.1621840690789832
11 0.6291796355683346 0.16570405168993063 0.6228096842526156 0.2650353974709023 0.3432508237648335 0.2471062317049999 0.3496215966716818 0.14777572809612646
14 0.6581182796559233 0.12317814606253838 0.8045418532107078 0.13634662217068383 0.7930563789376492 0.2640552265877631 0.6466328109374899 0.25088680000000496
18 0.6005783875776842 0.4639309695389801 0.6035835540410517 0.5348506666882425 0.3706282776304306 0.5447181693118129 0.36762442795270545 0.47379971193820586