5 1.0311560930121004 0.9465546404025735 0.8633344228442184 1.152644295814408 0.41076756973507145 0.7841762561693504 0.5785794890624629 0.5781029890625212
5 0.46621305526934975 0.4040043339353314 0.3914619829806725 0.09428742939618434 0.9840090535479931 -0.0487289891406914 1.0587640104185994 0.26098410445999554
5 0.568201563373691 0.5813370988867634 0.5859045386164325 0.8077157697779153 0.24112221562495506 0.8346626968750048 0.2234282141591848 0.608292338583481
11 0.6096987966160441 0.38907163744637546 0.5929926835897277 0.28483829391397203 0.8332713921473669 0.24632783177478917 0.8499784808486766 0.35055991141042586
16 0.20997840625000208 0.5722421093750132 0.21010755065458397 0.5473529638121737 0.45270361336997667 0.5486092594236427 0.45257498721525735 0.5734978925884675
18 0.7967027167662764 0.6198273247231266 0.7612175879232836 0.6878231973635424 0.5659024849574052 0.5859025972211757 0.6013877917723676 0.5179080663327977
11 0.593181234375038 0.35396111093752114 0.5917441076551313 0.25236122784253573 0.8349828309553686 0.24892053427825123 0.8364210915843842 0.35051914159723263
5 0.46342533495749194 0.09600375295370639 0.630635834029249 0.10316308255075904 0.6183007383140193 0.39125232137901156 0.45109025077954357 0.3840930708225616
18 0.8187041335253298 0.6338369987869719 0.7803771468093146 0.7143014576200432 0.5291032882857962 0.5946240278704967 0.5674307551784068 0.5141616071401685
16 0.19211260937504449 0.5877787593750271 0.19072129595349452 0.5455219500443149 0.45298577530797957 0.5368849084171192 0.45437800648096527 0.5791407816209515
12 0.35888896274229865 0.4591055183478237 0.3902556307342593 0.460018309239399 0.3879269867915127 0.5400327519056402 0.3565603190422735 0.5391199665737936