13 0.7908004169921696 0.3039060750019305 0.9839804083397894 0.2935766346936409 1.0199557068613103 0.9663134387215683 0.8267757565440661 0.9766421944273084
14 0.8315569171151083 0.7723900199743285 0.8017427328124995 0.9423514984374453 0.44752064644001166 0.8802160636319267 0.4773408078125385 0.7102621656250262
23 0.5031206280800689 0.9592665752275551 0.3289557125185638 0.9781878849041776 0.2942372624999052 0.6586100359375053 0.4683881410144295 0.6396895077626993
11 0.3390272890625283 0.49882122812500657 0.3016940262614298 0.2256352572051022 0.7079561109375163 0.17011647968754778 0.7452941805711362 0.4432965466539525
10 -0.005472551887692134 0.33207947458067666 0 0.26696986718748794 0.08799264548190422 0.2743655447361158 0.08252037968918557 0.3394748838467563
16 0.01499435156256368 0.7476285812500455 -0.015069474936581173 0.6709335024309344 0.2769121847711631 0.5564927165572936 0.30697687139468144 0.633185241005064
14 0.8209787094247076 0.7753050096682762 0.791894348437495 0.9389016749999746 0.454001410569731 0.8788326239382709 0.48309124218747 0.7152429312500554
18 0.6858542784294741 0.6254328082570191 0.680547466887333 0.7000156850147854 0.35466882504863406 0.676824868560209 0.35997786465622994 0.6022444029617072
11 0.33029734682588696 0.45551608843311925 0.30875259588822246 0.21454337858687028 0.7157946196028888 0.17815101686616006 0.7373437572455259 0.41911843958815215
5 0.2618939591718572 0.6550417599814616 0.34804243642440724 0.8567495711922299 0.08458778548651935 0.969237710902328 -0.0015523221105695484 0.7675369838394009
13 0.7994859497324569 0.31186554300684616 0.9863542724233412 0.3035121940216737 1.0159149495949578 0.9647326730707607 0.8290466503775633 0.9730854923547315
16 0.02644799375002549 0.7268627390624631 0.009139273074424636 0.6835027731918076 0.21554592968720954 0.6011180656536514 0.23285500837164363 0.644477027918714