18 0.5869127375000289 0.5888195281249686 0.6912661357184788 0.4343623148627544 1.0363099622861682 0.6674518568041208 0.9319634685779192 0.821902870504353
5 0.5503649453124808 0.2856744062499789 0.45716059772337303 0.1591692778440957 0.8177734745163434 -0.10651671820931667 0.9109776581362894 0.01998765196360489
11 0.9559632593960714 -0.013798171069310512 1.0569573280650957 0.11618540182752674 0.6983125601494748 0.3948387458883414 0.5973200667039009 0.26485664819323457
23 0.25041720414901647 0.6809452668241646 0.47704352031246344 0.6397097281250032 0.53687298244256 0.9684653192594905 0.3102471626447141 1.0096990998406719
14 0.6528134627385498 0.3940503061753729 0.563002641909975 0.4002561774687822 0.550100612700021 0.21353370306392408 0.6399098218751078 0.20732788906249627
10 0.2771281937500589 0.21104747656249945 0.3372667983105657 0.20402048776817558 0.34838525625002603 0.299173145312501 0.28824665629144874 0.3062001079587167
12 0.449166249999962 0.5783325562500247 0.4444699232219591 0.5207767661473509 0.5049098390625204 0.5158455390624571 0.5096064300533953 0.5734010383414391
16 0.35570063750003555 0.6519442843749833 0.33712106885593585 0.583996437839341 0.6129449936760238 0.5085810683343391 0.6315256172518957 0.5765271645998667
16 0.3665536656250197 0.6464787296874679 0.3494506737456504 0.5863367444919233 0.5886275699313046 0.5183257435549526 0.6057313509735422 0.5784663824424573
18 1.0031143903140674 0.6718926287150756 0.951962292975054 0.7888886663749395 0.5939891610568111 0.6323909476494478 0.6451425963188058 0.5153994505402013
11 0.9496627463821596 -0.017906668465774687 1.0636012494248916 0.126359784288921 0.7091720265128743 0.4062751240831994 0.5952353437497777 0.2620103587854907
14 0.5480863440085386 0.2725045846344255 0.635065928866652 0.2579729725195539 0.6537237165493934 0.36964686397041724 0.5667441516364988 0.38417839610584703
5 0.5591136292704277 0.29316262468654786 0.4652010186921416 0.17673500477128284 0.8286471812800755 -0.11642487106173045 0.922558731934032 0.0000012560846892665991