5 0.34057137070772114 0.13070588917221743 0.3609884944747819 -0.03226408300156985 0.6966856781250499 0.009792221874944959 0.6762691556815525 0.17276174639032787
16 0.017654870366527575 0.9533043787093288 -0.14804789599020296 0.8521785316250413 0.0962385540761943 0.45197933888082803 0.2619282488248018 0.5530999251849944
10 0.3070142608386277 0.18424917637858332 0.23331903763289574 0.18744557155075728 0.2285389874999737 0.07723492343749933 0.3022338868058796 0.07403853530711509
11 0.6619041792855569 0.1745271985835821 0.6472301307416046 0.27699130587121695 0.3725080768068665 0.23764674893458462 0.3871828643914341 0.1351834971996439
18 0.3319717312499506 0.5481874453124613 0.3294413867250796 0.4538725371732979 0.6316127269009257 0.4457639330907194 0.6341451719748648 0.5400766723668627
23 0.6366453673098249 0.5270722853124075 0.7895997046874754 0.5530665484374978 0.7401518301533088 0.8439868997474439 0.5871976859375536 0.817993435937503
14 0.6834869875731329 0.09662315747437387 0.8516789236205113 0.1278191345816691 0.8151108502937632 0.32497218223227026 0.6469189671875029 0.2937764046875033
16 0.010937671875012711 0.9399812500000263 -0.14137789708377113 0.840545802022217 0.10539856793752733 0.4626026210136367 0.2577040104571324 0.5620336695281086
5 0.6757538895700463 0.1719950897478952 0.34085531748507947 0.12968286540204765 0.36078401993893294 -0.02804730629018736 0.6956816031249673 0.014264860937501704
11 0.6619762984300905 0.17444820544267745 0.6475689091925005 0.27282843118111566 0.36989795284682714 0.23216344733769093 0.38430605764665415 0.13378404082891818
14 0.6931529562821197 0.13429831577572549 0.8386587364969955 0.15685662490519242 0.8190407688884989 0.2833950707538455 0.6735350078125748 0.26083685312500865
18 0.6148728764635507 0.46977476642986116 0.6120974582780718 0.5407598331750351 0.37955038820405207 0.5316652753055007 0.3823270140368322 0.4606814340959437