23 0.6602244665967874 0.9203314147605473 0.5659150014882925 0.9158317122684186 0.5857164997518112 0.5009954392683368 0.6800171389318166 0.5054949250668029
16 0.24584102500000427 0.42207892812498465 0.24452211555353642 0.39774118137239867 0.46040418460052024 0.3860414615001878 0.46172339886186364 0.4103788820306935
12 0.32107298437506415 0.38212118906250636 0.32053635512238543 0.3513635006134518 0.3818030265624657 0.3502945718749574 0.3823397590570039 0.3810521552020946
5 0.7029963576059117 -0.007477213732801196 0.7225164135134037 0.1957036713030281 0.2860748470868657 0.2376312672220666 0.26655650516704554 0.03445225586463911
16 0.22316462656249314 0.42389087812497883 0.22170093708507466 0.3875583944641136 0.46980516232326863 0.37756222774816206 0.47126937880227615 0.4138941549693009
18 0.5197207300728905 0.5111426307120291 0.5129681458661253 0.39944532680021216 0.6841392868632283 0.3890971289425221 0.69089309857236 0.5007931931459217
11 0.6816984480494739 0.22586401151923982 0.5351914779612343 0.2278407561227383 0.53427415334329 0.15983270156687945 0.6807805359374015 0.15785596093750082
11 0.6889176333089608 0.15874568727465901 0.6993608439190666 0.21966346036713885 0.545739297774162 0.24599807563084863 0.535296410708952 0.1850805774578704
13 0.7414751703124693 0.9941108859375004 0.6861898028738551 0.989512820942071 0.7509524040120823 0.21100882571295013 0.8062308853176319 0.2156066301244386
18 0.5457281792261028 0.49084768990655053 0.5368949365971503 0.4031886960380453 0.6819311589341623 0.3885740272153624 0.6907651575994578 0.476232192111871
5 0.5714348775147755 0.7069216823533996 0.18769848366162023 0.6672582749900359 0.2165584581831581 0.38816865551146695 0.6002773707184588 0.4278311613325009