13 0.7995123003636309 0.29518942459649933 0.9912936226371585 0.28493472817056986 1.0272671249181258 0.9576373195583772 0.8354858416017805 0.967891347491544
14 0.8402666871938891 0.7636497353182586 0.8104540593750471 0.9336023953124467 0.4562500638428446 0.8714700054373308 0.4860686046874889 0.7015248437500258
23 0.5118470527039563 0.9505166106722943 0.33769112682284685 0.9694370238437583 0.3029743546875352 0.6498753359374959 0.477116392763719 0.6309556960901356
11 0.34776210781251393 0.49009464218754056 0.3104306383160065 0.2169228270572579 0.7166721999999481 0.16140658125001495 0.7540083515501692 0.4345726417654601
10 -0.004064170315245974 0.3227441495460627 0.0014930171874993903 0.2566277343749481 0.09682509922913596 0.264640302350089 0.09126821671372909 0.33075643137151506
16 0.023745621875036704 0.7388893624999745 -0.006316618215805647 0.662198166306178 0.2856501945924492 0.5477630667542214 0.3157132820552988 0.6244517408359334
14 0.8296890120858507 0.7665645598405705 0.8006061749999844 0.9301527453125292 0.46273049771741626 0.8700866461007025 0.4918187468749693 0.7065053578125352
18 0.6945714828275413 0.6166998845652647 0.6892649238700415 0.6912788936394605 0.3634028584414182 0.6680891649178431 0.3687116153724901 0.5935125343471498
11 0.3390326222522617 0.4467917283213109 0.3174888633665205 0.20583136295530108 0.7245103178524914 0.1694406187544437 0.746058345499705 0.4103958282961928
5 0.27063273740213845 0.646307343874624 0.35677641287236384 0.8480049879357544 0.09333527091939686 0.9604873480710366 0.007199873538070278 0.7587967105170197
13 0.8081973924829526 0.3031484822046358 0.9933979576481988 0.2948696497399532 1.0229571585050508 0.9560565120594359 0.8377566151737028 0.9643348287746748
16 0.03519868124999448 0.7181245750000407 0.01789080091748474 0.674766828908496 0.22428691521190558 0.5923861027957122 0.24159513405129474 0.6357428370076053