18 0.651100593546289 0.5027523422846111 0.6541736291877669 0.47609422513066924 0.7973435972083962 0.49259647666202294 0.7942708809324586 0.5192543008506978
12 0.5834277078552077 0.41179158034589564 0.5970907987511964 0.4135555938451303 0.589258720740645 0.4742150994023885 0.5755956312411854 0.4724510931831354
11 0.8282201773978386 0.4020345976619836 0.6646079671512553 0.3818718240642932 0.6845952739017775 0.21970020965840759 0.8482050999999728 0.23986283906249703
15 0.48963038612885157 0.2862590856346638 0.48277567343745886 0.3613324359374947 0.40189503657506975 0.3539474139827977 0.40875001562505986 0.2788743609374967
13 0.3682895008777223 0.6177867119072123 0.2820418389707129 0.6141689638077383 0.2953256765624701 0.29755180624999983 0.3815695546866209 0.30116947518145487
11 0.6675039703125094 0.37166309062502484 0.6819146125188809 0.2287217956332538 0.8405563579891577 0.24471500617501113 0.8261469051560653 0.38765516327551475
13 0.3846240553411917 0.29660804530954693 0.3796632037377776 0.6113379880017062 0.28901564455861717 0.609907924493607 0.2939783890625449 0.29517982499996365
5 0.8069134002844294 0.5297847243352307 0.7870255068439747 0.676484779991441 0.36042867240655596 0.6186477817198147 0.3803211796874848 0.4719534250000304
5 0.6895713214909165 0.2345683408071843 0.6810467579211945 0.37637482991535154 0.40285985236619126 0.35964954050088915 0.4113860874999773 0.21784475468753375
16 0.46331253281698537 0.47179363437501504 0.4658806190508358 0.4526213076137704 0.5946555331830723 0.4698687495721325 0.5920876448391255 0.489040897616763
15 0.477716409703703 0.3602378420066396 0.4052735332800239 0.3532907660135639 0.4128974343750542 0.2737955906250019 0.4853397584073491 0.2807426400245462
18 0.6593281040394459 0.4997685317323022 0.6615922735388722 0.4779631511125375 0.7929511761471986 0.4916013317326717 0.790687243625257 0.5134064938817742