23 0.3082463166110756 0.4923674106732993 0.4026828639567839 0.49335647671792554 0.3983098517791177 0.910837666944645 0.30387330446512806 0.9098486456639876
16 0.5318196171874661 0.40535585312503875 0.5337147310989394 0.3809978656491576 0.748696667510103 0.39772193428590297 0.7468018968684191 0.4220796019027172
12 0.613184776562548 0.37790752031247327 0.6144404749045407 0.3471332743133291 0.6759380031249975 0.3496424406250276 0.6746824137499061 0.3804165816794604
5 0.3043447743644947 0.1993673642468115 0.31395298156235185 -0.0042678808783632215 0.7296927339757531 0.015347915562263437 0.7200859765756604 0.218981448978193
16 0.5220789531249466 0.4086464625000122 0.524398569338814 0.3722884998938723 0.7716689237863648 0.3880618223072555 0.7693498854814607 0.42441924252317736
18 0.3006919937739667 0.4906551487778505 0.3100950582115729 0.3788456926862412 0.48102352165540196 0.3932197732259833 0.4716218430498884 0.5050279053162615
11 0.3227979296874537 0.21581229062497326 0.32386855623133215 0.14779798922394272 0.47033206563605745 0.1501033111647831 0.46926172211090034 0.2181173354325608
11 0.47116231143013465 0.1784030416397043 0.45915277554070144 0.23943570559639166 0.3074790686741835 0.2095904588578389 0.31948880781249045 0.14855808906255158
13 0.19899163125000996 0.2026616124999997 0.2545259428246709 0.20127891685367041 0.2739392022338052 0.9809215047739009 0.21840489566830001 0.9823041031226489
18 0.2991805578125195 0.4658506953124815 0.3101420537775539 0.3780683934047692 0.4567835027162346 0.39637851395547974 0.4458229418087285 0.4841599655590571
5 0.3922346553050602 0.41614714089383736 0.7784743862655432 0.39875811505297326 0.7912191012048879 0.6818188696881328 0.40497942645401963 0.6992074863601386