18 0.11263853718310202 0.8932510027666166 -0.015236010998592064 0.7543290883510672 0.2992778323230141 0.46487452110553523 0.42714628098610774 0.6037893696756388
5 0.01920026865343516 0.08790087340609039 0.09671605281539541 -0.06010276530720431 0.4986299685497215 0.15039647570564807 0.42111582553263815 0.29839867361304584
11 0.3717007446117577 0.28512063979773716 0.29303633788197203 0.42629487227719665 -0.07866424437190744 0.21917824069672565 0 0.078006529687545
23 0.7593128756099077 0.9804820298015955 0.5294754293241795 0.9712384473961728 0.5429366796875001 0.6369059875000017 0.7727543920346989 0.646149161513049
14 0.3216133671875241 0.23495400624999857 0.4114496892649413 0.22859011817675362 0.4245598700215396 0.4136557686176208 0.33472355409514876 0.420019597651813
10 0.6833539702403186 0.2787268843104773 0.622846748437496 0.28014221250000054 0.6205815288374197 0.18329380931723008 0.6810883390625122 0.1818784859375004
12 0.5018206921874935 0.5764254140624588 0.49746293646819595 0.5188693609615147 0.5582837624999684 0.5142648187500128 0.5626417852463419 0.5718205802600159
16 0.3812908796874126 0.5986072546875311 0.3890759584286343 0.5283966956445595 0.6724854775643507 0.55981585379248 0.664702330314185 0.6300246519513685
16 0.40708294531248157 0.5964907781250464 0.4146294432612194 0.5342339028537045 0.6607482134825204 0.5640622636457764 0.6532032144403956 0.6263177827737738
18 0.3588088186496634 0.5406908670206274 0.42668382559782003 0.6479178514586363 0.0901432530532702 0.8609109327236226 0.022273465624948585 0.7536885046874852
11 0.37331672618404355 0.2819523503104617 0.2830098582900291 0.440986976797551 -0.08709336004062607 0.23082639845207456 0.003213497846786595 0.071794336610781
14 0.41862007219390307 0.39833345041631435 0.330573160234394 0.3960648174959034 0.3334694135344307 0.28368348519000086 0.4215153149447133 0.2859521052319465
5 -0.013421660606013575 0.058792075945823835 0.06593783419111787 -0.07761371776608529 0.4929070053324267 0.17079257631874184 0.41354916713385137 0.3071969090011326