5 0.8553935267766519 0.9724301498589082 0.7182315471400216 1.044395175615522 0.5018087758003276 0.6319786573618243 0.6389575655956605 0.5600178844967151
5 0.5676498316572633 0.8556912720766116 0.4392409560946362 0.8675062926799932 0.413654841775724 0.5894398062720047 0.5420561096957499 0.5776251308789883
5 0.25451893684271454 1.009324324666914 0.10765406768553021 0.9294098006844536 0.29417870062161455 0.5867086284858436 0.44103214020515225 0.6666192667997172
16 0.6872766956388432 0.6515195825044703 0.6827469151164678 0.5808223340415463 0.8272178767264222 0.5715663150744277 0.8317485431998648 0.6422625994650407
18 0.9949100543436771 0.7141736240227241 1.010189295776172 0.9711921394211855 0.7753605715245158 0.9851421493760925 0.7600895187499646 0.728131496874985
5 0.9873655102633165 0.33496239085739565 0.6790615663610424 0.35471925431260914 0.6568014419375459 0.007333905957059961 0.965101057200286 -0.012422843426357045
23 0.6430315159446991 0.2020409955455563 0.7835919727795044 0.19612544257075337 0.793360605552607 0.4282338174037639 0.6528001556251866 0.4341493046794097
13 0.23759829369566887 0.9999946563234564 0.07374773026481307 1.0392685270845086 -0.07968034325222106 0.3992433636498438 0.08414867991780284 0.35997215270450444
14 0.31757761723361 0.514074476858772 0.37178097809044175 0.6192982415594623 0.23021402492031484 0.6922128221325922 0.17601245440471303 0.5869905889433812
5 0.27788115323687634 0.4333947735113853 0.012413946226956796 0.46953315086063796 -0.04310146455134145 0.061700620706134274 0.2223557208500324 0.025563018948996666
12 0.7401739166890593 0.5229811833077378 0.8225164818190933 0.5177049523482813 0.8273837166276508 0.5936576676863926 0.7450411547722524 0.5989338644969489
10 0.5294834804833499 0.20538325395136853 0.5903946021417141 0.20147997648584703 0.596562831262986 0.2977342711701872 0.5356517109878496 0.3016375342110483