5 0.42074394375003976 0.7189447281250532 0.3987691797676689 0.5300169694282226 0.7518066348619641 0.48895632183291804 0.7737867205050861 0.6778777657127085
16 0.5386767208823358 0.5150054470398125 0.5435311530266063 0.4860911765546642 0.7454042029966104 0.5199800920426038 0.7405502999506552 0.5488938847442884
13 0.5194413344855775 0.3654475650725456 0.5076132459616929 0.4083267519725806 0.3445818264697209 0.3633559724409522 0.3564101624999694 0.3204771859374853
18 0.5075238357279659 0.4726864634752756 0.5189897336877038 0.5289029936240836 0.2965016409751797 0.5742754567289572 0.28503690468789955 0.5180599453125324
23 0.24982998250857236 0.5728420232571704 0.43506432499532366 0.5647029640378098 0.4499131647805825 0.9025929449742102 0.26467884367946226 0.9107316937027852
5 0.5117932053154846 0.29772701829514253 0.7551027468750817 0.31683625937500376 0.7469123158643924 0.4211175919449056 0.5036027856923511 0.4020084603124849
11 0.35622968057577964 0.31742244384366863 0.518463602705765 0.32969034548772613 0.5138216629102317 0.39107427305332454 0.3515877468751114 0.37880641250000396
13 0 0.1565203140625 0.2676535671875 0.1565203140625 0.2676535671875 0.9710812499999999 0 0.9710812499999999
5 0.766377602243324 0.3183060000759982 0.6826948535090196 0.5435923740797387 0.14882193231051133 0.3452804055831761 0.2325079624999944 0.11999916718753038
13 0 0.168716590625 0.2544547296875 0.168716590625 0.2544547296875 0.9647211359375 0 0.9647211359375
12 0.5959991423627571 0.44152368113435764 0.640689209398488 0.4472746319680783 0.6325718901422306 0.5103492660571258 0.5878818281756821 0.5045983417354937
16 0.5187966718749522 0.5093253296875411 0.5240216589057809 0.4816863185072434 0.7569196947679302 0.525708930088596 0.7516952947405571 0.553347425560878
18 0.5127749077768158 0.4702853525679598 0.5246132264093148 0.5366204954097346 0.26383231058491674 0.583152801181427 0.2519955812495027 0.5168190624999895